set NODES := 0 1 2 3 4 5 6 7 8 9 10 11 12 13 14 15 16 17 18 19 20 21 22 23 24 25 26 27 28 29 30 31 32 33 34 35 36 37 38 39 40 41 42 43 44 45 46 47 48 49 50 51 52 53 54 55 56 57 58 59 60 61 62 63 64 65 66 67 68 69 70 71 72 73 74 75 76;
set NODOS_SIN0 := 1 2 3 4 5 6 7 8 9 10 11 12 13 14 15 16 17 18 19 20 21 22 23 24 25 26 27 28 29 30 31 32 33 34 35 36 37 38 39 40 41 42 43 44 45 46 47 48 49 50 51 52 53 54 55 56 57 58 59 60 61 62 63 64 65 66 67 68 69 70 71 72 73 74 75 76;
set Vendedores := 1 2;
param mmin := 30;
param mmax := 50;
param dist :=
[0,0] 0.0
[0,1] 0.0
[0,2] 1118.03
[0,3] 3621.12
[0,4] 3891.34
[0,5] 5205.85
[0,6] 4884.33
[0,7] 4650.0
[0,8] 4975.19
[0,9] 6247.6
[0,10] 6408.0
[0,11] 8009.31
[0,12] 7803.15
[0,13] 8500.0
[0,14] 8664.44
[0,15] 9414.48
[0,16] 9521.69
[0,17] 9030.64
[0,18] 9408.11
[0,19] 6180.01
[0,20] 5561.03
[0,21] 3832.75
[0,22] 3050.0
[0,23] 1931.32
[0,24] 4750.0
[0,25] 4366.06
[0,26] 6791.54
[0,27] 7403.04
[0,28] 8290.92
[0,29] 7409.63
[0,30] 6647.18
[0,31] 6524.19
[0,32] 8487.93
[0,33] 8984.71
[0,34] 10286.23
[0,35] 9587.79
[0,36] 9737.17
[0,37] 9637.69
[0,38] 11029.28
[0,39] 11416.0
[0,40] 11536.46
[0,41] 12092.35
[0,42] 9793.11
[0,43] 9080.89
[0,44] 8508.97
[0,45] 7800.0
[0,46] 6587.3
[0,47] 9500.0
[0,48] 9055.39
[0,49] 11147.31
[0,50] 11814.93
[0,51] 12470.08
[0,52] 11448.74
[0,53] 10576.98
[0,54] 10271.44
[0,55] 12254.9
[0,56] 12865.17
[0,57] 13877.65
[0,58] 12964.84
[0,59] 12747.55
[0,60] 12482.89
[0,61] 14134.44
[0,62] 14666.71
[0,63] 15157.59
[0,64] 15781.71
[0,65] 14097.61
[0,66] 13383.76
[0,67] 13237.82
[0,68] 12550.0
[0,69] 11321.66
[0,70] 16269.3
[0,71] 17936.83
[0,72] 18830.83
[0,73] 18985.52
[0,74] 10467.57
[0,75] 3605.55
[0,76] 3716.18
[1,0] 0.0
[1,1] 0.0
[1,2] 1118.03
[1,3] 3621.12
[1,4] 3891.34
[1,5] 5205.85
[1,6] 4884.33
[1,7] 4650.0
[1,8] 4975.19
[1,9] 6247.6
[1,10] 6408.0
[1,11] 8009.31
[1,12] 7803.15
[1,13] 8500.0
[1,14] 8664.44
[1,15] 9414.48
[1,16] 9521.69
[1,17] 9030.64
[1,18] 9408.11
[1,19] 6180.01
[1,20] 5561.03
[1,21] 3832.75
[1,22] 3050.0
[1,23] 1931.32
[1,24] 4750.0
[1,25] 4366.06
[1,26] 6791.54
[1,27] 7403.04
[1,28] 8290.92
[1,29] 7409.63
[1,30] 6647.18
[1,31] 6524.19
[1,32] 8487.93
[1,33] 8984.71
[1,34] 10286.23
[1,35] 9587.79
[1,36] 9737.17
[1,37] 9637.69
[1,38] 11029.28
[1,39] 11416.0
[1,40] 11536.46
[1,41] 12092.35
[1,42] 9793.11
[1,43] 9080.89
[1,44] 8508.97
[1,45] 7800.0
[1,46] 6587.3
[1,47] 9500.0
[1,48] 9055.39
[1,49] 11147.31
[1,50] 11814.93
[1,51] 12470.08
[1,52] 11448.74
[1,53] 10576.98
[1,54] 10271.44
[1,55] 12254.9
[1,56] 12865.17
[1,57] 13877.65
[1,58] 12964.84
[1,59] 12747.55
[1,60] 12482.89
[1,61] 14134.44
[1,62] 14666.71
[1,63] 15157.59
[1,64] 15781.71
[1,65] 14097.61
[1,66] 13383.76
[1,67] 13237.82
[1,68] 12550.0
[1,69] 11321.66
[1,70] 16269.3
[1,71] 17936.83
[1,72] 18830.83
[1,73] 18985.52
[1,74] 10467.57
[1,75] 3605.55
[1,76] 3716.18
[2,0] 1118.03
[2,1] 1118.03
[2,2] 0.0
[2,3] 2926.17
[2,4] 3360.43
[2,5] 4555.53
[2,6] 4049.15
[2,7] 3684.09
[2,8] 3950.0
[2,9] 5392.82
[2,10] 5640.26
[2,11] 7204.38
[2,12] 6894.0
[2,13] 7516.65
[2,14] 7650.0
[2,15] 8501.91
[2,16] 8660.98
[2,17] 8297.74
[2,18] 8727.11
[2,19] 5765.63
[2,20] 5091.66
[2,21] 4200.0
[2,22] 3688.16
[2,23] 2860.07
[2,24] 5344.39
[2,25] 4750.0
[2,26] 6806.25
[2,27] 7463.58
[2,28] 8193.98
[2,29] 7224.38
[2,30] 6394.14
[2,31] 6177.78
[2,32] 8175.88
[2,33] 8730.69
[2,34] 9915.17
[2,35] 9127.63
[2,36] 9154.92
[2,37] 9004.72
[2,38] 10490.23
[2,39] 10928.17
[2,40] 11186.6
[2,41] 11773.91
[2,42] 9782.89
[2,43] 9067.11
[2,44] 8950.0
[2,45] 8360.02
[2,46] 7252.07
[2,47] 10049.88
[2,48] 9500.0
[2,49] 11367.17
[2,50] 12051.66
[2,51] 12595.83
[2,52] 11537.45
[2,53] 10645.3
[2,54] 10288.46
[2,55] 12236.52
[2,56] 12874.88
[2,57] 13778.36
[2,58] 12815.04
[2,59] 12500.0
[2,60] 12197.23
[2,61] 13890.01
[2,62] 14455.54
[2,63] 15051.66
[2,64] 15691.16
[2,65] 14258.07
[2,66] 13550.83
[2,67] 13700.0
[2,68] 13088.26
[2,69] 11921.83
[2,70] 16886.09
[2,71] 17993.89
[2,72] 18784.3
[2,73] 18923.53
[2,74] 9360.56
[2,75] 3640.05
[2,76] 3828.84
[3,0] 3621.12
[3,1] 3621.12
[3,2] 2926.17
[3,3] 0.0
[3,4] 700.0
[3,5] 1629.44
[3,6] 1367.75
[3,7] 1627.88
[3,8] 2193.17
[3,9] 2700.0
[3,10] 2789.27
[3,11] 4398.17
[3,12] 4307.03
[3,13] 5168.41
[3,14] 5440.59
[3,15] 5900.0
[3,16] 5941.38
[3,17] 5413.41
[3,18] 5813.78
[3,19] 3001.67
[3,20] 2289.65
[3,21] 3572.46
[3,22] 3962.95
[3,23] 4208.62
[3,24] 5022.45
[3,25] 3990.61
[3,26] 4750.0
[3,27] 5450.0
[3,28] 5817.52
[3,29] 4739.91
[3,30] 3842.2
[3,31] 3488.91
[3,32] 5463.74
[3,33] 6082.15
[3,34] 7109.95
[3,35] 6255.95
[3,36] 6230.97
[3,37] 6079.68
[3,38] 7574.46
[3,39] 8031.97
[3,40] 8390.02
[3,41] 9003.47
[3,42] 7501.5
[3,43] 6806.61
[3,44] 7747.58
[3,45] 7536.08
[3,46] 6850.18
[3,47] 9080.89
[3,48] 8271.18
[3,49] 9500.0
[3,50] 10200.0
[3,51] 10495.57
[3,52] 9390.83
[3,53] 8485.28
[3,54] 8041.14
[3,55] 9876.23
[3,56] 10551.3
[3,57] 11264.28
[3,58] 10239.55
[3,59] 9801.15
[3,60] 9457.8
[3,61] 11183.02
[3,62] 11783.46
[3,63] 12514.19
[3,64] 13170.04
[3,65] 12192.62
[3,66] 11512.71
[3,67] 12345.55
[3,68] 11958.47
[3,69] 11011.93
[3,70] 15890.64
[3,71] 15686.7
[3,72] 16304.37
[3,73] 16419.88
[3,74] 7864.64
[3,75] 6470.9
[3,76] 6689.73
[4,0] 3891.34
[4,1] 3891.34
[4,2] 3360.43
[4,3] 700.0
[4,4] 0.0
[4,5] 1368.89
[4,6] 1628.05
[4,7] 2163.33
[4,8] 2745.91
[4,9] 2789.27
[4,10] 2700.0
[4,11] 4308.12
[4,12] 4396.78
[4,13] 5361.2
[4,14] 5685.95
[4,15] 5941.38
[4,16] 5900.0
[4,17] 5202.4
[4,18] 5536.24
[4,19] 2420.74
[4,20] 1732.77
[4,21] 3100.4
[4,22] 3669.47
[4,23] 4150.0
[4,24] 4539.27
[4,25] 3464.82
[4,26] 4050.0
[4,27] 4750.0
[4,28] 5139.3
[4,29] 4073.89
[4,30] 3184.73
[4,31] 2872.72
[4,32] 4867.49
[4,33] 5463.74
[4,34] 6566.38
[4,35] 5767.86
[4,36] 5848.5
[4,37] 5748.26
[4,38] 7156.29
[4,39] 7574.46
[4,40] 7842.35
[4,41] 8441.71
[4,42] 6817.07
[4,43] 6118.82
[4,44] 7086.96
[4,45] 6921.16
[4,46] 6307.54
[4,47] 8437.56
[4,48] 7605.43
[4,49] 8800.0
[4,50] 9500.0
[4,51] 9801.83
[4,52] 8698.71
[4,53] 7792.95
[4,54] 7354.59
[4,55] 9204.89
[4,56] 9876.23
[4,57] 10620.73
[4,58] 9608.83
[4,59] 9208.28
[4,60] 8881.44
[4,61] 10594.81
[4,62] 11183.02
[4,63] 11877.08
[4,64] 12529.96
[4,65] 11498.26
[4,66] 10816.77
[4,67] 11660.3
[4,68] 11290.04
[4,69] 10366.89
[4,70] 15227.03
[4,71] 15014.08
[4,72] 15658.3
[4,73] 15778.55
[4,74] 8285.08
[4,75] 6975.85
[4,76] 7179.31
[5,0] 5205.85
[5,1] 5205.85
[5,2] 4555.53
[5,3] 1629.44
[5,4] 1368.89
[5,5] 0.0
[5,6] 1115.0
[5,7] 2013.82
[5,8] 2512.3
[5,9] 1624.46
[5,10] 1362.96
[5,11] 2950.0
[5,12] 3153.1
[5,13] 4207.12
[5,14] 4592.33
[5,15] 4636.77
[5,16] 4551.75
[5,17] 3841.04
[5,18] 4202.65
[5,19] 1698.37
[5,20] 1053.17
[5,21] 4162.41
[5,22] 4914.73
[5,23] 5506.93
[5,24] 5530.59
[5,25] 4414.68
[5,26] 4073.28
[5,27] 4739.24
[5,28] 4750.0
[5,29] 3635.0
[5,30] 2746.27
[5,31] 2246.81
[5,32] 4071.29
[5,33] 4737.53
[5,34] 5593.21
[5,35] 4680.02
[5,36] 4602.87
[5,37] 4452.64
[5,38] 5952.83
[5,39] 6426.89
[5,40] 6871.32
[5,41] 7503.25
[5,42] 6443.68
[5,43] 5794.02
[5,44] 7480.79
[5,45] 7524.37
[5,46] 7135.32
[5,47] 8899.37
[5,48] 7959.33
[5,49] 8697.88
[5,50] 9389.99
[5,51] 9500.0
[5,52] 8385.0
[5,53] 7493.56
[5,54] 6993.55
[5,55] 8696.95
[5,56] 9389.13
[5,57] 9949.4
[5,58] 8887.52
[5,59] 8354.51
[5,60] 7980.44
[5,61] 9720.99
[5,62] 10344.88
[5,63] 11171.46
[5,64] 11834.71
[5,65] 11192.97
[5,66] 10543.11
[5,67] 11820.48
[5,68] 11584.58
[5,69] 10799.27
[5,70] 15528.7
[5,71] 14484.66
[5,72] 14980.79
[5,73] 15079.53
[5,74] 7431.41
[5,75] 8079.76
[5,76] 8305.08
[6,0] 4884.33
[6,1] 4884.33
[6,2] 4049.15
[6,3] 1367.75
[6,4] 1628.05
[6,5] 1115.0
[6,6] 0.0
[6,7] 905.84
[6,8] 1400.84
[6,9] 1363.8
[6,10] 1624.73
[6,11] 3155.33
[6,12] 2950.0
[6,13] 3804.29
[6,14] 4092.38
[6,15] 4552.71
[6,16] 4637.56
[6,17] 4281.1
[6,18] 4763.02
[6,19] 2810.9
[6,20] 2162.35
[6,21] 4725.93
[6,22] 5264.2
[6,23] 5576.26
[6,24] 6159.19
[6,25] 5071.95
[6,26] 5138.07
[6,27] 5816.32
[6,28] 5865.0
[6,29] 4750.0
[6,30] 3859.99
[6,31] 3360.26
[6,32] 5137.02
[6,33] 5815.39
[6,34] 6567.35
[6,35] 5590.66
[6,36] 5343.37
[6,37] 5106.52
[6,38] 6727.27
[6,39] 7258.51
[6,40] 7834.66
[6,41] 8480.29
[6,42] 7558.45
[6,43] 6908.67
[6,44] 8459.52
[6,45] 8412.24
[6,46] 7891.37
[6,47] 9855.95
[6,48] 8954.25
[6,49] 9800.7
[6,50] 10494.45
[6,51] 10615.0
[6,52] 9500.0
[6,53] 8608.34
[6,54] 8108.35
[6,55] 9800.15
[6,56] 10493.94
[6,57] 11019.49
[6,58] 9946.53
[6,59] 9367.8
[6,60] 8973.88
[6,61] 10719.62
[6,62] 11357.37
[6,63] 12229.51
[6,64] 12894.55
[6,65] 12307.89
[6,66] 11657.99
[6,67] 12880.89
[6,68] 12607.33
[6,69] 11771.9
[6,70] 16553.53
[6,71] 15578.92
[6,72] 16041.35
[6,73] 16133.62
[6,74] 6664.79
[6,75] 7379.29
[6,76] 7625.29
[7,0] 4650.0
[7,1] 4650.0
[7,2] 3684.09
[7,3] 1627.88
[7,4] 2163.33
[7,5] 2013.82
[7,6] 905.84
[7,7] 0.0
[7,8] 583.1
[7,9] 1860.11
[7,10] 2343.07
[7,11] 3697.12
[7,12] 3227.7
[7,13] 3850.0
[7,14] 4031.13
[7,15] 4827.01
[7,16] 5032.89
[7,17] 4911.72
[7,18] 5448.85
[7,19] 3712.14
[7,20] 3050.0
[7,21] 5197.36
[7,22] 5561.03
[7,23] 5644.69
[7,24] 6647.18
[7,25] 5602.23
[7,26] 5971.81
[7,27] 6659.02
[7,28] 6759.73
[7,29] 5645.05
[7,30] 4750.0
[7,31] 4260.58
[7,32] 6039.25
[7,33] 6719.56
[7,34] 7438.16
[7,35] 6438.52
[7,36] 6114.33
[7,37] 5836.31
[7,38] 7504.17
[7,39] 8061.79
[7,40] 8698.42
[7,41] 9348.93
[7,42] 8455.32
[7,43] 7800.0
[7,44] 9204.62
[7,45] 9080.89
[7,46] 8457.25
[7,47] 10576.98
[7,48] 9711.98
[7,49] 10667.71
[7,50] 11363.54
[7,51] 11509.02
[7,52] 10394.11
[7,53] 9500.0
[7,54] 9005.0
[7,55] 10705.61
[7,56] 11399.12
[7,57] 11920.94
[7,58] 10845.09
[7,59] 10250.49
[7,60] 9848.86
[7,61] 11595.26
[7,62] 12238.46
[7,63] 13127.26
[7,64] 13792.75
[7,65] 13203.41
[7,66] 12550.0
[7,67] 13695.35
[7,68] 13383.76
[7,69] 12502.5
[7,70] 17328.08
[7,71] 16484.61
[7,72] 16939.38
[7,73] 17029.46
[7,74] 6254.8
[7,75] 6766.28
[7,76] 7027.27
[8,0] 4975.19
[8,1] 4975.19
[8,2] 3950.0
[8,3] 2193.17
[8,4] 2745.91
[8,5] 2512.3
[8,6] 1400.84
[8,7] 583.1
[8,8] 0.0
[8,9] 2000.0
[8,10] 2594.22
[8,11] 3762.57
[8,12] 3128.72
[8,13] 3585.04
[8,14] 3700.0
[8,15] 4681.88
[8,16] 4964.88
[8,17] 5020.46
[8,18] 5597.32
[8,19] 4200.0
[8,20] 3562.65
[8,21] 5765.63
[8,22] 6091.39
[8,23] 6100.2
[8,24] 7215.61
[8,25] 6177.78
[8,26] 6524.76
[8,27] 7207.81
[8,28] 7259.49
[8,29] 6144.78
[8,30] 5258.56
[8,31] 4750.0
[8,32] 6462.39
[8,33] 7151.4
[8,34] 7782.31
[8,35] 6750.95
[8,36] 6337.59
[8,37] 6021.0
[8,38] 7725.44
[8,39] 8310.39
[8,40] 9027.32
[8,41] 9684.65
[8,42] 8950.0
[8,43] 8305.42
[8,44] 9782.89
[8,45] 9663.98
[8,46] 9034.66
[8,47] 11158.07
[8,48] 10288.46
[8,49] 11200.89
[8,50] 11894.96
[8,51] 12008.9
[8,52] 10894.01
[8,53] 10004.5
[8,54] 9500.0
[8,55] 11164.68
[8,56] 11860.86
[8,57] 12332.76
[8,58] 11246.64
[8,59] 10611.43
[8,60] 10195.1
[8,61] 11940.27
[8,62] 12593.65
[8,63] 13524.24
[8,64] 14190.84
[8,65] 13700.0
[8,66] 13053.45
[8,67] 14258.07
[8,68] 13957.26
[8,69] 13082.91
[8,70] 17902.3
[8,71] 16924.91
[8,72] 17335.3
[8,73] 17418.17
[8,74] 5736.94
[8,75] 6799.45
[8,76] 7071.95
[9,0] 6247.6
[9,1] 6247.6
[9,2] 5392.82
[9,3] 2700.0
[9,4] 2789.27
[9,5] 1624.46
[9,6] 1363.8
[9,7] 1860.11
[9,8] 2000.0
[9,9] 0.0
[9,10] 700.0
[9,11] 1843.29
[9,12] 1615.45
[9,13] 2594.71
[9,14] 2968.16
[9,15] 3200.0
[9,16] 3275.67
[9,17] 3053.69
[9,18] 3606.94
[9,19] 2863.56
[9,20] 2460.18
[9,21] 5769.1
[9,22] 6451.74
[9,23] 6885.67
[9,24] 7151.57
[9,25] 6036.97
[9,26] 5463.74
[9,27] 6082.15
[9,28] 5816.13
[9,29] 4738.77
[9,30] 3946.2
[9,31] 3370.83
[9,32] 4750.0
[9,33] 5450.0
[9,34] 5882.62
[9,35] 4816.24
[9,36] 4341.08
[9,37] 4021.5
[9,38] 5727.35
[9,39] 6320.01
[9,40] 7100.18
[9,41] 7763.54
[9,42] 7447.31
[9,43] 6865.86
[9,44] 8974.69
[9,45] 9094.64
[9,46] 8753.57
[9,47] 10410.69
[9,48] 9430.4
[9,49] 9876.23
[9,50] 10551.3
[9,51] 10494.8
[9,52] 9390.26
[9,53] 8532.88
[9,54] 7990.62
[9,55] 9500.0
[9,56] 10200.0
[9,57] 10532.7
[9,58] 9429.09
[9,59] 8722.53
[9,60] 8286.13
[9,61] 10024.47
[9,62] 10690.18
[9,63] 11688.67
[9,64] 12355.57
[9,65] 12159.36
[9,66] 11547.84
[9,67] 13150.38
[9,68] 12997.12
[9,69] 12286.68
[9,70] 16927.27
[9,71] 15179.34
[9,72] 15489.11
[9,73] 15558.68
[9,74] 5857.69
[9,75] 8618.15
[9,76] 8875.39
[10,0] 6408.0
[10,1] 6408.0
[10,2] 5640.26
[10,3] 2789.27
[10,4] 2700.0
[10,5] 1362.96
[10,6] 1624.73
[10,7] 2343.07
[10,8] 2594.22
[10,9] 700.0
[10,10] 0.0
[10,11] 1616.7
[10,12] 1841.43
[10,13] 2960.15
[10,14] 3397.06
[10,15] 3275.67
[10,16] 3200.0
[10,17] 2661.77
[10,18] 3140.06
[10,19] 2247.22
[10,20] 1952.56
[10,21] 5489.31
[10,22] 6275.75
[10,23] 6850.0
[10,24] 6820.92
[10,25] 5703.07
[10,26] 4867.49
[10,27] 5463.74
[10,28] 5137.72
[10,29] 4072.56
[10,30] 3309.46
[10,31] 2728.09
[10,32] 4050.0
[10,33] 4750.0
[10,34] 5212.6
[10,35] 4162.62
[10,36] 3771.6
[10,37] 3500.36
[10,38] 5161.64
[10,39] 5727.35
[10,40] 6443.8
[10,41] 7104.4
[10,42] 6757.4
[10,43] 6184.66
[10,44] 8411.0
[10,45] 8592.0
[10,46] 8335.77
[10,47] 9854.57
[10,48] 8852.26
[10,49] 9204.89
[10,50] 9876.23
[10,51] 9801.0
[10,52] 8698.09
[10,53] 7844.74
[10,54] 7299.32
[10,55] 8800.0
[10,56] 9500.0
[10,57] 9841.43
[10,58] 8740.07
[10,59] 8050.62
[10,60] 7621.68
[10,61] 9363.76
[10,62] 10024.47
[10,63] 11003.86
[10,64] 11670.9
[10,65] 11462.98
[10,66] 10854.15
[10,67] 12509.3
[10,68] 12384.87
[10,69] 11712.07
[10,70] 16305.9
[10,71] 14483.18
[10,72] 14807.51
[10,73] 14880.27
[10,74] 6411.12
[10,75] 9003.47
[10,76] 9250.0
[11,0] 8009.31
[11,1] 8009.31
[11,2] 7204.38
[11,3] 4398.17
[11,4] 4308.12
[11,5] 2950.0
[11,6] 3155.33
[11,7] 3697.12
[11,8] 3762.57
[11,9] 1843.29
[11,10] 1616.7
[11,11] 0.0
[11,12] 1118.0
[11,13] 2144.32
[11,14] 2665.47
[11,15] 1838.07
[11,16] 1610.75
[11,17] 1280.47
[11,18] 1913.3
[11,19] 3273.06
[11,20] 3272.65
[11,21] 6961.26
[11,22] 7822.44
[11,23] 8455.61
[11,24] 8222.93
[11,25] 7114.82
[11,26] 5767.27
[11,27] 6255.19
[11,28] 5589.81
[11,29] 4680.5
[11,30] 4139.59
[11,31] 3588.09
[11,32] 4161.15
[11,33] 4814.69
[11,34] 4750.0
[11,35] 3632.0
[11,36] 2840.0
[11,37] 2412.93
[11,38] 4158.85
[11,39] 4812.69
[11,40] 5837.99
[11,41] 6502.17
[11,42] 7023.56
[11,43] 6569.07
[11,44] 9331.48
[11,45] 9676.42
[11,46] 9595.04
[11,47] 10780.03
[11,48] 9719.21
[11,49] 9607.49
[11,50] 10238.16
[11,51] 9945.58
[11,52] 8887.24
[11,53] 8107.32
[11,54] 7531.06
[11,55] 8738.29
[11,56] 9427.29
[11,57] 9500.0
[11,58] 8382.0
[11,59] 7527.16
[11,60] 7047.32
[11,61] 8737.19
[11,62] 9426.27
[11,63] 10566.44
[11,64] 11225.89
[11,65] 11535.72
[11,66] 10987.27
[11,67] 13069.78
[11,68] 13084.37
[11,69] 12560.15
[11,70] 16940.31
[11,71] 14190.1
[11,72] 14309.7
[11,73] 14351.51
[11,74] 5820.46
[11,75] 10460.61
[11,76] 10718.49
[12,0] 7803.15
[12,1] 7803.15
[12,2] 6894.0
[12,3] 4307.03
[12,4] 4396.78
[12,5] 3153.1
[12,6] 2950.0
[12,7] 3227.7
[12,8] 3128.72
[12,9] 1615.45
[12,10] 1841.43
[12,11] 1118.0
[12,12] 0.0
[12,13] 1164.12
[12,14] 1656.52
[12,15] 1611.48
[12,16] 1837.95
[12,17] 2283.96
[12,18] 2948.1
[12,19] 3966.87
[12,20] 3778.81
[12,21] 7312.62
[12,22] 8046.77
[12,23] 8500.63
[12,24] 8658.96
[12,25] 7540.93
[12,26] 6564.22
[12,27] 7107.75
[12,28] 6565.56
[12,29] 5592.36
[12,30] 4950.41
[12,31] 4373.48
[12,32] 5210.39
[12,33] 5880.42
[12,34] 5868.0
[12,35] 4750.0
[12,36] 3929.84
[12,37] 3476.0
[12,38] 5209.16
[12,39] 5879.33
[12,40] 6948.38
[12,41] 7611.16
[12,42] 8060.68
[12,43] 7572.51
[12,44] 10134.74
[12,45] 10383.35
[12,46] 10171.0
[12,47] 11584.09
[12,48] 10551.26
[12,49] 10618.5
[12,50] 11262.05
[12,51] 11017.99
[12,52] 9948.44
[12,53] 9149.87
[12,54] 8578.51
[12,55] 9839.29
[12,56] 10530.57
[12,57] 10618.0
[12,58] 9500.0
[12,59] 8640.44
[12,60] 8157.58
[12,61] 9838.64
[12,62] 10529.96
[12,63] 11681.97
[12,64] 12340.72
[12,65] 12622.92
[12,66] 12063.64
[12,67] 14038.39
[12,68] 14000.09
[12,69] 13407.56
[12,70] 17886.71
[12,71] 15308.09
[12,72] 15419.14
[12,73] 15457.97
[12,74] 4799.5
[12,75] 9927.72
[12,76] 10199.06
[13,0] 8500.0
[13,1] 8500.0
[13,2] 7516.65
[13,3] 5168.41
[13,4] 5361.2
[13,5] 4207.12
[13,6] 3804.29
[13,7] 3850.0
[13,8] 3585.04
[13,9] 2594.71
[13,10] 2960.15
[13,11] 2144.32
[13,12] 1164.12
[13,13] 0.0
[13,14] 522.02
[13,15] 1390.14
[13,16] 1990.6
[13,17] 3050.0
[13,18] 3703.04
[13,19] 5127.62
[13,20] 4911.72
[13,21] 8363.01
[13,22] 9030.64
[13,23] 9374.43
[13,24] 9737.17
[13,25] 8620.47
[13,26] 7728.2
[13,27] 8270.73
[13,28] 7703.14
[13,29] 6746.75
[13,30] 6114.33
[13,31] 5537.6
[13,32] 6304.36
[13,33] 6958.81
[13,34] 6801.15
[13,35] 5691.37
[13,36] 4750.0
[13,37] 4252.65
[13,38] 5911.43
[13,39] 6604.92
[13,40] 7800.0
[13,41] 8451.33
[13,42] 9165.42
[13,43] 8698.42
[13,44] 11298.34
[13,45] 11536.46
[13,46] 11293.47
[13,47] 12747.55
[13,48] 11715.37
[13,49] 11741.49
[13,50] 12377.1
[13,51] 12087.26
[13,52] 11031.3
[13,53] 10250.49
[13,54] 9674.84
[13,55] 10857.37
[13,56] 11541.77
[13,57] 11534.21
[13,58] 10418.89
[13,59] 9500.0
[13,60] 9001.25
[13,61] 10634.03
[13,62] 11331.92
[13,63] 12550.0
[13,64] 13200.85
[13,65] 13669.03
[13,66] 13127.26
[13,67] 15181.9
[13,68] 15157.59
[13,69] 14571.55
[13,70] 19037.86
[13,71] 16219.74
[13,72] 16237.3
[13,73] 16260.38
[13,74] 3676.96
[13,75] 10278.62
[13,76] 10562.2
[14,0] 8664.44
[14,1] 8664.44
[14,2] 7650.0
[14,3] 5440.59
[14,4] 5685.95
[14,5] 4592.33
[14,6] 4092.38
[14,7] 4031.13
[14,8] 3700.0
[14,9] 2968.16
[14,10] 3397.06
[14,11] 2665.47
[14,12] 1656.52
[14,13] 522.02
[14,14] 0.0
[14,15] 1746.42
[14,16] 2404.16
[14,17] 3553.17
[14,18] 4200.0
[14,19] 5597.32
[14,20] 5348.13
[14,21] 8727.11
[14,22] 9350.13
[14,23] 9628.73
[14,24] 10118.55
[14,25] 9004.72
[14,26] 8207.47
[14,27] 8760.28
[14,28] 8214.5
[14,29] 7248.69
[14,30] 6600.19
[14,31] 6021.0
[14,32] 6824.4
[14,33] 7480.14
[14,34] 7315.2
[14,35] 6207.3
[14,36] 5252.14
[14,37] 4750.0
[14,38] 6388.47
[14,39] 7084.67
[14,40] 8301.36
[14,41] 8950.0
[14,42] 9684.65
[14,43] 9213.58
[14,44] 11773.91
[14,45] 11988.01
[14,46] 11710.04
[14,47] 13222.05
[14,48] 12197.23
[14,49] 12257.65
[14,50] 12894.96
[14,51] 12609.18
[14,52] 11552.69
[14,53] 10770.33
[14,54] 10195.1
[14,55] 11378.05
[14,56] 12061.92
[14,57] 12043.45
[14,58] 10928.96
[14,59] 10001.12
[14,60] 9500.0
[14,61] 11122.05
[14,62] 11820.74
[14,63] 13050.86
[14,64] 13700.0
[14,65] 14190.84
[14,66] 13649.27
[14,67] 15691.16
[14,68] 15656.47
[14,69] 15055.31
[14,70] 19542.58
[14,71] 16727.0
[14,72] 16727.0
[14,73] 16746.72
[14,74] 3157.93
[14,75] 10268.03
[14,76] 10556.16
[15,0] 9414.48
[15,1] 9414.48
[15,2] 8501.91
[15,3] 5900.0
[15,4] 5941.38
[15,5] 4636.77
[15,6] 4552.71
[15,7] 4827.01
[15,8] 4681.88
[15,9] 3200.0
[15,10] 3275.67
[15,11] 1838.07
[15,12] 1611.48
[15,13] 1390.14
[15,14] 1746.42
[15,15] 0.0
[15,16] 700.0
[15,17] 2127.2
[15,18] 2692.58
[15,19] 5110.77
[15,20] 5088.47
[15,21] 8745.43
[15,22] 9551.18
[15,23] 10074.35
[15,24] 10037.18
[15,25] 8924.4
[15,26] 7574.46
[15,27] 8031.97
[15,28] 7258.66
[15,29] 6428.31
[15,30] 5950.84
[15,31] 5411.33
[15,32] 5727.35
[15,33] 6320.01
[15,34] 5880.99
[15,35] 4814.91
[15,36] 3747.67
[15,37] 3226.84
[15,38] 4750.0
[15,39] 5450.0
[15,40] 6753.7
[15,41] 7383.26
[15,42] 8566.36
[15,43] 8184.13
[15,44] 11124.07
[15,45] 11502.72
[15,46] 11432.63
[15,47] 12569.11
[15,48] 11494.89
[15,49] 11183.02
[15,50] 11783.46
[15,51] 11357.89
[15,52] 10346.21
[15,53] 9625.49
[15,54] 9042.68
[15,55] 10024.47
[15,56] 10690.18
[15,57] 10531.79
[15,58] 9428.41
[15,59] 8442.9
[15,60] 7930.95
[15,61] 9500.0
[15,62] 10200.0
[15,63] 11481.51
[15,64] 12120.23
[15,65] 12875.17
[15,66] 12377.1
[15,67] 14701.45
[15,68] 14782.59
[15,69] 14319.31
[15,70] 18593.88
[15,71] 15189.88
[15,72] 15102.07
[15,73] 15110.01
[15,74] 4533.49
[15,75] 11469.63
[15,76] 11746.17
[16,0] 9521.69
[16,1] 9521.69
[16,2] 8660.98
[16,3] 5941.38
[16,4] 5900.0
[16,5] 4551.75
[16,6] 4637.56
[16,7] 5032.89
[16,8] 4964.88
[16,9] 3275.67
[16,10] 3200.0
[16,11] 1610.75
[16,12] 1837.95
[16,13] 1990.6
[16,14] 2404.16
[16,15] 700.0
[16,16] 0.0
[16,17] 1511.62
[16,18] 2024.85
[16,19] 4792.7
[16,20] 4863.38
[16,21] 8563.44
[16,22] 9433.19
[16,23] 10050.0
[16,24] 9804.34
[16,25] 8702.01
[16,26] 7156.29
[16,27] 7574.46
[16,28] 6727.33
[16,29] 5954.24
[16,30] 5549.1
[16,31] 5036.12
[16,32] 5161.64
[16,33] 5727.35
[16,34] 5210.76
[16,35] 4161.08
[16,36] 3070.02
[16,37] 2548.04
[16,38] 4050.0
[16,39] 4750.0
[16,40] 6059.91
[16,41] 6686.74
[16,42] 7973.86
[16,43] 7621.68
[16,44] 10674.5
[16,45] 11109.57
[16,46] 11115.98
[16,47] 12112.49
[16,48] 11025.54
[16,49] 10594.81
[16,50] 11183.02
[16,51] 10720.1
[16,52] 9722.34
[16,53] 9021.09
[16,54] 8438.01
[16,55] 9363.76
[16,56] 10024.47
[16,57] 9840.45
[16,58] 8739.34
[16,59] 7746.77
[16,60] 7233.95
[16,61] 8800.0
[16,62] 9500.0
[16,63] 10783.55
[16,64] 11421.47
[16,65] 12219.66
[16,66] 11732.54
[16,67] 14130.91
[16,68] 14247.28
[16,69] 13829.41
[16,70] 18030.04
[16,71] 14494.22
[16,72] 14402.17
[16,73] 14410.5
[16,74] 5229.01
[16,75] 11761.91
[16,76] 12031.73
[17,0] 9030.64
[17,1] 9030.64
[17,2] 8297.74
[17,3] 5413.41
[17,4] 5202.4
[17,5] 3841.04
[17,6] 4281.1
[17,7] 4911.72
[17,8] 5020.46
[17,9] 3053.69
[17,10] 2661.77
[17,11] 1280.47
[17,12] 2283.96
[17,13] 3050.0
[17,14] 3553.17
[17,15] 2127.2
[17,16] 1511.62
[17,17] 0.0
[17,18] 667.08
[17,19] 3609.02
[17,20] 3850.0
[17,21] 7528.11
[17,22] 8500.0
[17,23] 9284.53
[17,24] 8668.33
[17,25] 7595.39
[17,26] 5774.3
[17,27] 6144.31
[17,28] 5236.13
[17,29] 4516.51
[17,30] 4208.62
[17,31] 3747.33
[17,32] 3655.48
[17,33] 4215.74
[17,34] 3784.46
[17,35] 2697.77
[17,36] 1700.0
[17,37] 1209.34
[17,38] 2926.17
[17,39] 3601.74
[17,40] 4750.0
[17,41] 5402.08
[17,42] 6462.39
[17,43] 6114.33
[17,44] 9241.75
[17,45] 9737.17
[17,46] 9843.27
[17,47] 10670.17
[17,48] 9573.53
[17,49] 9083.23
[17,50] 9672.9
[17,51] 9230.69
[17,52] 8221.61
[17,53] 7511.66
[17,54] 6928.56
[17,55] 7907.28
[17,56] 8578.17
[17,57] 8492.92
[17,58] 7380.0
[17,59] 6450.0
[17,60] 5951.89
[17,61] 7597.7
[17,62] 8293.67
[17,63] 9500.0
[17,64] 10151.11
[17,65] 10752.91
[17,66] 10250.49
[17,67] 12620.32
[17,68] 12747.55
[17,69] 12357.29
[17,70] 16520.37
[17,71] 13174.31
[17,72] 13195.93
[17,73] 13224.31
[17,74] 6600.19
[17,75] 11648.71
[17,76] 11899.68
[18,0] 9408.11
[18,1] 9408.11
[18,2] 8727.11
[18,3] 5813.78
[18,4] 5536.24
[18,5] 4202.65
[18,6] 4763.02
[18,7] 5448.85
[18,8] 5597.32
[18,9] 3606.94
[18,10] 3140.06
[18,11] 1913.3
[18,12] 2948.1
[18,13] 3703.04
[18,14] 4200.0
[18,15] 2692.58
[18,16] 2024.85
[18,17] 667.08
[18,18] 0.0
[18,19] 3700.0
[18,20] 4052.47
[18,21] 7650.0
[18,22] 8674.39
[18,23] 9541.1
[18,24] 8713.5
[18,25] 7669.75
[18,26] 5626.94
[18,27] 5929.8
[18,28] 4914.34
[18,29] 4310.73
[18,30] 4135.52
[18,31] 3740.66
[18,32] 3297.35
[18,33] 3791.11
[18,34] 3188.76
[18,35] 2139.57
[18,36] 1060.66
[18,37] 550.0
[18,38] 2261.08
[18,39] 2934.71
[18,40] 4102.74
[18,41] 4750.0
[18,42] 6021.0
[18,43] 5728.0
[18,44] 9004.72
[18,45] 9572.49
[18,46] 9774.71
[18,47] 10414.53
[18,48] 9306.58
[18,49] 8640.02
[18,50] 9208.69
[18,51] 8704.27
[18,52] 7720.32
[18,53] 7045.57
[18,54] 6463.75
[18,55] 7338.94
[18,56] 8000.62
[18,57] 7861.34
[18,58] 6751.98
[18,59] 5801.94
[18,60] 5300.0
[18,61] 6935.42
[18,62] 7632.17
[18,63] 8851.27
[18,64] 9500.0
[18,65] 10195.1
[18,66] 9711.98
[18,67] 12197.23
[18,68] 12375.18
[18,69] 12049.17
[18,70] 16101.94
[18,71] 12536.05
[18,72] 12536.05
[18,73] 12562.34
[18,74] 7209.2
[18,75] 12142.18
[18,76] 12386.79
[19,0] 6180.01
[19,1] 6180.01
[19,2] 5765.63
[19,3] 3001.67
[19,4] 2420.74
[19,5] 1698.37
[19,6] 2810.9
[19,7] 3712.14
[19,8] 4200.0
[19,9] 2863.56
[19,10] 2247.22
[19,11] 3273.06
[19,12] 3966.87
[19,13] 5127.62
[19,14] 5597.32
[19,15] 5110.77
[19,16] 4792.7
[19,17] 3609.02
[19,18] 3700.0
[19,19] 0.0
[19,20] 715.89
[19,21] 3950.0
[19,22] 4992.49
[19,23] 5960.91
[19,24] 5060.14
[19,25] 3988.11
[19,26] 2621.55
[19,27] 3220.64
[19,28] 3061.53
[19,29] 1948.63
[19,30] 1092.02
[19,31] 550.0
[19,32] 2462.21
[19,33] 3092.33
[19,34] 4149.75
[19,35] 3409.19
[19,36] 3702.03
[19,37] 3740.66
[19,38] 4897.19
[19,39] 5242.38
[19,40] 5423.33
[19,41] 6021.0
[19,42] 4750.0
[19,43] 4110.96
[19,44] 6177.78
[19,45] 6427.48
[19,46] 6328.11
[19,47] 7625.12
[19,48] 6610.03
[19,49] 7061.16
[19,50] 7746.61
[19,51] 7809.38
[19,52] 6694.64
[19,53] 5807.75
[19,54] 5300.0
[19,55] 7003.57
[19,56] 7694.15
[19,57] 8297.77
[19,58] 7254.93
[19,59] 6800.18
[19,60] 6463.75
[19,61] 8183.52
[19,62] 8781.8
[19,63] 9535.46
[19,64] 10195.1
[19,65] 9500.0
[19,66] 8855.08
[19,67] 10288.46
[19,68] 10140.27
[19,69] 9470.08
[19,70] 14066.01
[19,71] 12798.93
[19,72] 13336.88
[19,73] 13444.42
[19,74] 8655.2
[19,75] 9393.22
[19,76] 9592.31
[20,0] 5561.03
[20,1] 5561.03
[20,2] 5091.66
[20,3] 2289.65
[20,4] 1732.77
[20,5] 1053.17
[20,6] 2162.35
[20,7] 3050.0
[20,8] 3562.65
[20,9] 2460.18
[20,10] 1952.56
[20,11] 3272.65
[20,12] 3778.81
[20,13] 4911.72
[20,14] 5348.13
[20,15] 5088.47
[20,16] 4863.38
[20,17] 3850.0
[20,18] 4052.47
[20,19] 715.89
[20,20] 0.0
[20,21] 3707.42
[20,22] 4650.0
[20,23] 5494.09
[20,24] 4951.01
[20,25] 3842.2
[20,26] 3046.31
[20,27] 3700.0
[20,28] 3711.16
[20,29] 2597.45
[20,30] 1700.0
[20,31] 1236.93
[20,32] 3176.48
[20,33] 3807.89
[20,34] 4836.6
[20,35] 4042.38
[20,36] 4208.62
[20,37] 4176.12
[20,38] 5470.83
[20,39] 5860.03
[20,40] 6114.33
[20,41] 6720.12
[20,42] 5408.33
[20,43] 4750.0
[20,44] 6517.86
[20,45] 6647.18
[20,46] 6393.16
[20,47] 7951.41
[20,48] 6980.33
[20,49] 7644.77
[20,50] 8336.82
[20,51] 8459.38
[20,52] 7344.57
[20,53] 6450.0
[20,54] 5957.56
[20,55] 7697.56
[20,56] 8385.25
[20,57] 9011.12
[20,58] 7970.41
[20,59] 7511.66
[20,60] 7169.55
[20,61] 8893.4
[20,62] 9494.87
[20,63] 10250.49
[20,64] 10909.74
[20,65] 10154.43
[20,66] 9500.0
[20,67] 10786.33
[20,68] 10576.98
[20,69] 9832.85
[20,70] 14517.06
[20,71] 13499.07
[20,72] 14050.8
[20,73] 14159.27
[20,74] 8316.55
[20,75] 8707.76
[20,76] 8912.07
[21,0] 3832.75
[21,1] 3832.75
[21,2] 4200.0
[21,3] 3572.46
[21,4] 3100.4
[21,5] 4162.41
[21,6] 4725.93
[21,7] 5197.36
[21,8] 5765.63
[21,9] 5769.1
[21,10] 5489.31
[21,11] 6961.26
[21,12] 7312.62
[21,13] 8363.01
[21,14] 8727.11
[21,15] 8745.43
[21,16] 8563.44
[21,17] 7528.11
[21,18] 7650.0
[21,19] 3950.0
[21,20] 3707.42
[21,21] 0.0
[21,22] 1192.69
[21,23] 2549.51
[21,24] 1450.0
[21,25] 550.0
[21,26] 3259.6
[21,27] 3758.32
[21,28] 4879.98
[21,29] 4269.71
[21,30] 3798.03
[21,31] 3988.11
[21,32] 5580.77
[21,33] 5886.0
[21,34] 7413.95
[21,35] 7025.73
[21,36] 7573.14
[21,37] 7669.75
[21,38] 8622.35
[21,39] 8822.98
[21,40] 8547.51
[21,41] 9004.72
[21,42] 6177.78
[21,43] 5489.31
[21,44] 4750.0
[21,45] 4220.19
[21,46] 3318.51
[21,47] 5885.58
[21,48] 5300.0
[21,49] 7322.06
[21,50] 7985.14
[21,51] 8684.91
[21,52] 7697.5
[21,53] 6852.92
[21,54] 6610.03
[21,55] 8610.02
[21,56] 9180.55
[21,57] 10324.68
[21,58] 9506.44
[21,59] 9481.03
[21,60] 9306.58
[21,61] 10832.01
[21,62] 11290.81
[21,63] 11600.54
[21,64] 12197.23
[21,65] 10288.46
[21,66] 9573.14
[21,67] 9500.0
[21,68] 8906.32
[21,69] 7787.81
[21,70] 12747.55
[21,71] 14182.38
[21,72] 15172.67
[21,73] 15344.71
[21,74] 11385.08
[21,75] 7433.03
[21,76] 7527.28
[22,0] 3050.0
[22,1] 3050.0
[22,2] 3688.16
[22,3] 3962.95
[22,4] 3669.47
[22,5] 4914.73
[22,6] 5264.2
[22,7] 5561.03
[22,8] 6091.39
[22,9] 6451.74
[22,10] 6275.75
[22,11] 7822.44
[22,12] 8046.77
[22,13] 9030.64
[22,14] 9350.13
[22,15] 9551.18
[22,16] 9433.19
[22,17] 8500.0
[22,18] 8674.39
[22,19] 4992.49
[22,20] 4650.0
[22,21] 1192.69
[22,22] 0.0
[22,23] 1432.65
[22,24] 1700.0
[22,25] 1562.05
[22,26] 4443.25
[22,27] 4914.52
[22,28] 6067.79
[22,29] 5457.37
[22,30] 4951.01
[22,31] 5093.38
[22,32] 6757.4
[22,33] 7076.19
[22,34] 8594.95
[22,35] 8173.86
[22,36] 8668.33
[22,37] 8732.84
[22,38] 9760.25
[22,39] 9983.61
[22,40] 9737.17
[22,41] 10197.18
[22,42] 7325.47
[22,43] 6647.18
[22,44] 5491.81
[22,45] 4750.0
[22,46] 3569.31
[22,47] 6450.0
[22,48] 6033.45
[22,49] 8300.9
[22,50] 8942.32
[22,51] 9726.59
[22,52] 8773.76
[22,53] 7951.41
[22,54] 7739.83
[22,55] 9737.81
[22,56] 10290.04
[22,57] 11475.22
[22,58] 10677.01
[22,59] 10670.17
[22,60] 10498.81
[22,61] 12017.7
[22,62] 12469.36
[22,63] 12747.55
[22,64] 13335.85
[22,65] 11292.7
[22,66] 10576.98
[22,67] 10199.14
[22,68] 9500.0
[22,69] 8279.64
[22,70] 13235.27
[22,71] 15238.52
[22,72] 16281.35
[22,73] 16460.03
[22,74] 11815.77
[22,75] 6560.68
[22,76] 6622.12
[23,0] 1931.32
[23,1] 1931.32
[23,2] 2860.07
[23,3] 4208.62
[23,4] 4150.0
[23,5] 5506.93
[23,6] 5576.26
[23,7] 5644.69
[23,8] 6100.2
[23,9] 6885.67
[23,10] 6850.0
[23,11] 8455.61
[23,12] 8500.63
[23,13] 9374.43
[23,14] 9628.73
[23,15] 10074.35
[23,16] 10050.0
[23,17] 9284.53
[23,18] 9541.1
[23,19] 5960.91
[23,20] 5494.09
[23,21] 2549.51
[23,22] 1432.65
[23,23] 0.0
[23,24] 3031.91
[23,25] 2982.03
[23,26] 5798.71
[23,27] 6307.54
[23,28] 7407.08
[23,29] 6711.23
[23,30] 6109.42
[23,31] 6158.33
[23,32] 7957.7
[23,33] 8335.77
[23,34] 9800.76
[23,35] 9284.25
[23,36] 9661.39
[23,37] 9665.66
[23,38] 10835.36
[23,39] 11115.98
[23,40] 10983.62
[23,41] 11473.67
[23,42] 8726.11
[23,43] 8038.81
[23,44] 6863.85
[23,45] 6040.7
[23,46] 4750.0
[23,47] 7731.75
[23,48] 7397.97
[23,49] 9729.47
[23,50] 10366.89
[23,51] 11159.22
[23,52] 10203.51
[23,53] 9376.17
[23,54] 9152.19
[23,55] 11151.79
[23,56] 11712.07
[23,57] 12873.9
[23,58] 12052.33
[23,59] 11997.08
[23,60] 11800.95
[23,61] 13358.24
[23,62] 13829.41
[23,63] 14149.29
[23,64] 14743.9
[23,65] 12723.31
[23,66] 12007.71
[23,67] 11526.06
[23,68] 10772.77
[23,69] 9500.0
[23,70] 14422.21
[23,71] 16670.93
[23,72] 17704.52
[23,73] 17880.72
[23,74] 11806.78
[23,75] 5223.98
[23,76] 5261.18
[24,0] 4750.0
[24,1] 4750.0
[24,2] 5344.39
[24,3] 5022.45
[24,4] 4539.27
[24,5] 5530.59
[24,6] 6159.19
[24,7] 6647.18
[24,8] 7215.61
[24,9] 7151.57
[24,10] 6820.92
[24,11] 8222.93
[24,12] 8658.96
[24,13] 9737.17
[24,14] 10118.55
[24,15] 10037.18
[24,16] 9804.34
[24,17] 8668.33
[24,18] 8713.5
[24,19] 5060.14
[24,20] 4951.01
[24,21] 1450.0
[24,22] 1700.0
[24,23] 3031.91
[24,24] 0.0
[24,25] 1118.03
[24,26] 3621.12
[24,27] 3891.34
[24,28] 5205.85
[24,29] 4884.33
[24,30] 4650.0
[24,31] 4975.19
[24,32] 6247.6
[24,33] 6408.0
[24,34] 8009.31
[24,35] 7803.15
[24,36] 8500.0
[24,37] 8664.44
[24,38] 9414.48
[24,39] 9521.69
[24,40] 9030.64
[24,41] 9408.11
[24,42] 6180.01
[24,43] 5561.03
[24,44] 3832.75
[24,45] 3050.0
[24,46] 1931.32
[24,47] 4750.0
[24,48] 4366.06
[24,49] 6791.54
[24,50] 7403.04
[24,51] 8290.92
[24,52] 7409.63
[24,53] 6647.18
[24,54] 6524.19
[24,55] 8487.93
[24,56] 8984.71
[24,57] 10286.23
[24,58] 9587.79
[24,59] 9737.17
[24,60] 9637.69
[24,61] 11029.28
[24,62] 11416.0
[24,63] 11536.46
[24,64] 12092.35
[24,65] 9793.11
[24,66] 9080.89
[24,67] 8508.97
[24,68] 7800.0
[24,69] 6587.3
[24,70] 11547.84
[24,71] 13798.28
[24,72] 14941.97
[24,73] 15136.46
[24,74] 12823.12
[24,75] 8237.87
[24,76] 8286.89
[25,0] 4366.06
[25,1] 4366.06
[25,2] 4750.0
[25,3] 3990.61
[25,4] 3464.82
[25,5] 4414.68
[25,6] 5071.95
[25,7] 5602.23
[25,8] 6177.78
[25,9] 6036.97
[25,10] 5703.07
[25,11] 7114.82
[25,12] 7540.93
[25,13] 8620.47
[25,14] 9004.72
[25,15] 8924.4
[25,16] 8702.01
[25,17] 7595.39
[25,18] 7669.75
[25,19] 3988.11
[25,20] 3842.2
[25,21] 550.0
[25,22] 1562.05
[25,23] 2982.03
[25,24] 1118.03
[25,25] 0.0
[25,26] 2926.17
[25,27] 3360.43
[25,28] 4555.53
[25,29] 4049.15
[25,30] 3684.09
[25,31] 3950.0
[25,32] 5392.82
[25,33] 5640.26
[25,34] 7204.38
[25,35] 6894.0
[25,36] 7516.65
[25,37] 7650.0
[25,38] 8501.91
[25,39] 8660.98
[25,40] 8297.74
[25,41] 8727.11
[25,42] 5765.63
[25,43] 5091.66
[25,44] 4200.0
[25,45] 3688.16
[25,46] 2860.07
[25,47] 5344.39
[25,48] 4750.0
[25,49] 6806.25
[25,50] 7463.58
[25,51] 8193.98
[25,52] 7224.38
[25,53] 6394.14
[25,54] 6177.78
[25,55] 8175.88
[25,56] 8730.69
[25,57] 9915.17
[25,58] 9127.63
[25,59] 9154.92
[25,60] 9004.72
[25,61] 10490.23
[25,62] 10928.17
[25,63] 11186.6
[25,64] 11773.91
[25,65] 9782.89
[25,66] 9067.11
[25,67] 8950.0
[25,68] 8360.02
[25,69] 7252.07
[25,70] 12208.71
[25,71] 13700.09
[25,72] 14722.86
[25,73] 14900.08
[25,74] 11735.95
[25,75] 7960.06
[25,76] 8048.14
[26,0] 6791.54
[26,1] 6791.54
[26,2] 6806.25
[26,3] 4750.0
[26,4] 4050.0
[26,5] 4073.28
[26,6] 5138.07
[26,7] 5971.81
[26,8] 6524.76
[26,9] 5463.74
[26,10] 4867.49
[26,11] 5767.27
[26,12] 6564.22
[26,13] 7728.2
[26,14] 8207.47
[26,15] 7574.46
[26,16] 7156.29
[26,17] 5774.3
[26,18] 5626.94
[26,19] 2621.55
[26,20] 3046.31
[26,21] 3259.6
[26,22] 4443.25
[26,23] 5798.71
[26,24] 3621.12
[26,25] 2926.17
[26,26] 0.0
[26,27] 700.0
[26,28] 1629.44
[26,29] 1367.75
[26,30] 1627.88
[26,31] 2193.17
[26,32] 2700.0
[26,33] 2789.27
[26,34] 4398.17
[26,35] 4307.03
[26,36] 5168.41
[26,37] 5440.59
[26,38] 5900.0
[26,39] 5941.38
[26,40] 5413.41
[26,41] 5813.78
[26,42] 3001.67
[26,43] 2289.65
[26,44] 3572.46
[26,45] 3962.95
[26,46] 4208.62
[26,47] 5022.45
[26,48] 3990.61
[26,49] 4750.0
[26,50] 5450.0
[26,51] 5817.52
[26,52] 4739.91
[26,53] 3842.2
[26,54] 3488.91
[26,55] 5463.74
[26,56] 6082.15
[26,57] 7109.95
[26,58] 6255.95
[26,59] 6230.97
[26,60] 6079.68
[26,61] 7574.46
[26,62] 8031.97
[26,63] 8390.02
[26,64] 9003.47
[26,65] 7501.5
[26,66] 6806.61
[26,67] 7747.58
[26,68] 7536.08
[26,69] 6850.18
[26,70] 11472.79
[26,71] 11188.61
[26,72] 12039.31
[26,73] 12195.29
[26,74] 11276.75
[26,75] 10353.02
[26,76] 10491.19
[27,0] 7403.04
[27,1] 7403.04
[27,2] 7463.58
[27,3] 5450.0
[27,4] 4750.0
[27,5] 4739.24
[27,6] 5816.32
[27,7] 6659.02
[27,8] 7207.81
[27,9] 6082.15
[27,10] 5463.74
[27,11] 6255.19
[27,12] 7107.75
[27,13] 8270.73
[27,14] 8760.28
[27,15] 8031.97
[27,16] 7574.46
[27,17] 6144.31
[27,18] 5929.8
[27,19] 3220.64
[27,20] 3700.0
[27,21] 3758.32
[27,22] 4914.52
[27,23] 6307.54
[27,24] 3891.34
[27,25] 3360.43
[27,26] 700.0
[27,27] 0.0
[27,28] 1368.89
[27,29] 1628.05
[27,30] 2163.33
[27,31] 2745.91
[27,32] 2789.27
[27,33] 2700.0
[27,34] 4308.12
[27,35] 4396.78
[27,36] 5361.2
[27,37] 5685.95
[27,38] 5941.38
[27,39] 5900.0
[27,40] 5202.4
[27,41] 5536.24
[27,42] 2420.74
[27,43] 1732.77
[27,44] 3100.4
[27,45] 3669.47
[27,46] 4150.0
[27,47] 4539.27
[27,48] 3464.82
[27,49] 4050.0
[27,50] 4750.0
[27,51] 5139.3
[27,52] 4073.89
[27,53] 3184.73
[27,54] 2872.72
[27,55] 4867.49
[27,56] 5463.74
[27,57] 6566.38
[27,58] 5767.86
[27,59] 5848.5
[27,60] 5748.26
[27,61] 7156.29
[27,62] 7574.46
[27,63] 7842.35
[27,64] 8441.71
[27,65] 6817.07
[27,66] 6118.82
[27,67] 7086.96
[27,68] 6921.16
[27,69] 6307.54
[27,70] 10845.51
[27,71] 10544.43
[27,72] 11443.12
[27,73] 11607.11
[27,74] 11857.7
[27,75] 10982.94
[27,76] 11113.28
[28,0] 8290.92
[28,1] 8290.92
[28,2] 8193.98
[28,3] 5817.52
[28,4] 5139.3
[28,5] 4750.0
[28,6] 5865.0
[28,7] 6759.73
[28,8] 7259.49
[28,9] 5816.13
[28,10] 5137.72
[28,11] 5589.81
[28,12] 6565.56
[28,13] 7703.14
[28,14] 8214.5
[28,15] 7258.66
[28,16] 6727.33
[28,17] 5236.13
[28,18] 4914.34
[28,19] 3061.53
[28,20] 3711.16
[28,21] 4879.98
[28,22] 6067.79
[28,23] 7407.08
[28,24] 5205.85
[28,25] 4555.53
[28,26] 1629.44
[28,27] 1368.89
[28,28] 0.0
[28,29] 1115.0
[28,30] 2013.82
[28,31] 2512.3
[28,32] 1624.46
[28,33] 1362.96
[28,34] 2950.0
[28,35] 3153.1
[28,36] 4207.12
[28,37] 4592.33
[28,38] 4636.77
[28,39] 4551.75
[28,40] 3841.04
[28,41] 4202.65
[28,42] 1698.37
[28,43] 1053.17
[28,44] 4162.41
[28,45] 4914.73
[28,46] 5506.93
[28,47] 5530.59
[28,48] 4414.68
[28,49] 4073.28
[28,50] 4739.24
[28,51] 4750.0
[28,52] 3635.0
[28,53] 2746.27
[28,54] 2246.81
[28,55] 4071.29
[28,56] 4737.53
[28,57] 5593.21
[28,58] 4680.02
[28,59] 4602.87
[28,60] 4452.64
[28,61] 5952.83
[28,62] 6426.89
[28,63] 6871.32
[28,64] 7503.25
[28,65] 6443.68
[28,66] 5794.02
[28,67] 7480.79
[28,68] 7524.37
[28,69] 7135.32
[28,70] 11352.5
[28,71] 9876.44
[28,72] 10590.68
[28,73] 10729.9
[28,74] 11365.05
[28,75] 11799.19
[28,76] 11954.61
[29,0] 7409.63
[29,1] 7409.63
[29,2] 7224.38
[29,3] 4739.91
[29,4] 4073.89
[29,5] 3635.0
[29,6] 4750.0
[29,7] 5645.05
[29,8] 6144.78
[29,9] 4738.77
[29,10] 4072.56
[29,11] 4680.5
[29,12] 5592.36
[29,13] 6746.75
[29,14] 7248.69
[29,15] 6428.31
[29,16] 5954.24
[29,17] 4516.51
[29,18] 4310.73
[29,19] 1948.63
[29,20] 2597.45
[29,21] 4269.71
[29,22] 5457.37
[29,23] 6711.23
[29,24] 4884.33
[29,25] 4049.15
[29,26] 1367.75
[29,27] 1628.05
[29,28] 1115.0
[29,29] 0.0
[29,30] 905.84
[29,31] 1400.84
[29,32] 1363.8
[29,33] 1624.73
[29,34] 3155.33
[29,35] 2950.0
[29,36] 3804.29
[29,37] 4092.38
[29,38] 4552.71
[29,39] 4637.56
[29,40] 4281.1
[29,41] 4763.02
[29,42] 2810.9
[29,43] 2162.35
[29,44] 4725.93
[29,45] 5264.2
[29,46] 5576.26
[29,47] 6159.19
[29,48] 5071.95
[29,49] 5138.07
[29,50] 5816.32
[29,51] 5865.0
[29,52] 4750.0
[29,53] 3859.99
[29,54] 3360.26
[29,55] 5137.02
[29,56] 5815.39
[29,57] 6567.35
[29,58] 5590.66
[29,59] 5343.37
[29,60] 5106.52
[29,61] 6727.27
[29,62] 7258.51
[29,63] 7834.66
[29,64] 8480.29
[29,65] 7558.45
[29,66] 6908.67
[29,67] 8459.52
[29,68] 8412.24
[29,69] 7891.37
[29,70] 12294.94
[29,71] 10947.54
[29,72] 11596.17
[29,73] 11723.47
[29,74] 10381.01
[29,75] 10853.56
[29,76] 11022.3
[30,0] 6647.18
[30,1] 6647.18
[30,2] 6394.14
[30,3] 3842.2
[30,4] 3184.73
[30,5] 2746.27
[30,6] 3859.99
[30,7] 4750.0
[30,8] 5258.56
[30,9] 3946.2
[30,10] 3309.46
[30,11] 4139.59
[30,12] 4950.41
[30,13] 6114.33
[30,14] 6600.19
[30,15] 5950.84
[30,16] 5549.1
[30,17] 4208.62
[30,18] 4135.52
[30,19] 1092.02
[30,20] 1700.0
[30,21] 3798.03
[30,22] 4951.01
[30,23] 6109.42
[30,24] 4650.0
[30,25] 3684.09
[30,26] 1627.88
[30,27] 2163.33
[30,28] 2013.82
[30,29] 905.84
[30,30] 0.0
[30,31] 583.1
[30,32] 1860.11
[30,33] 2343.07
[30,34] 3697.12
[30,35] 3227.7
[30,36] 3850.0
[30,37] 4031.13
[30,38] 4827.01
[30,39] 5032.89
[30,40] 4911.72
[30,41] 5448.85
[30,42] 3712.14
[30,43] 3050.0
[30,44] 5197.36
[30,45] 5561.03
[30,46] 5644.69
[30,47] 6647.18
[30,48] 5602.23
[30,49] 5971.81
[30,50] 6659.02
[30,51] 6759.73
[30,52] 5645.05
[30,53] 4750.0
[30,54] 4260.58
[30,55] 6039.25
[30,56] 6719.56
[30,57] 7438.16
[30,58] 6438.52
[30,59] 6114.33
[30,60] 5836.31
[30,61] 7504.17
[30,62] 8061.79
[30,63] 8698.42
[30,64] 9348.93
[30,65] 8455.32
[30,66] 7800.0
[30,67] 9204.62
[30,68] 9080.89
[30,69] 8457.25
[30,70] 12997.12
[30,71] 11849.26
[30,72] 12474.17
[30,73] 12596.23
[30,74] 9694.59
[30,75] 10032.2
[30,76] 10210.04
[31,0] 6524.19
[31,1] 6524.19
[31,2] 6177.78
[31,3] 3488.91
[31,4] 2872.72
[31,5] 2246.81
[31,6] 3360.26
[31,7] 4260.58
[31,8] 4750.0
[31,9] 3370.83
[31,10] 2728.09
[31,11] 3588.09
[31,12] 4373.48
[31,13] 5537.6
[31,14] 6021.0
[31,15] 5411.33
[31,16] 5036.12
[31,17] 3747.33
[31,18] 3740.66
[31,19] 550.0
[31,20] 1236.93
[31,21] 3988.11
[31,22] 5093.38
[31,23] 6158.33
[31,24] 4975.19
[31,25] 3950.0
[31,26] 2193.17
[31,27] 2745.91
[31,28] 2512.3
[31,29] 1400.84
[31,30] 583.1
[31,31] 0.0
[31,32] 2000.0
[31,33] 2594.22
[31,34] 3762.57
[31,35] 3128.72
[31,36] 3585.04
[31,37] 3700.0
[31,38] 4681.88
[31,39] 4964.88
[31,40] 5020.46
[31,41] 5597.32
[31,42] 4200.0
[31,43] 3562.65
[31,44] 5765.63
[31,45] 6091.39
[31,46] 6100.2
[31,47] 7215.61
[31,48] 6177.78
[31,49] 6524.76
[31,50] 7207.81
[31,51] 7259.49
[31,52] 6144.78
[31,53] 5258.56
[31,54] 4750.0
[31,55] 6462.39
[31,56] 7151.4
[31,57] 7782.31
[31,58] 6750.95
[31,59] 6337.59
[31,60] 6021.0
[31,61] 7725.44
[31,62] 8310.39
[31,63] 9027.32
[31,64] 9684.65
[31,65] 8950.0
[31,66] 8305.42
[31,67] 9782.89
[31,68] 9663.98
[31,69] 9034.66
[31,70] 13579.58
[31,71] 12262.34
[31,72] 12822.83
[31,73] 12934.64
[31,74] 9111.81
[31,75] 9815.55
[31,76] 10006.25
[32,0] 8487.93
[32,1] 8487.93
[32,2] 8175.88
[32,3] 5463.74
[32,4] 4867.49
[32,5] 4071.29
[32,6] 5137.02
[32,7] 6039.25
[32,8] 6462.39
[32,9] 4750.0
[32,10] 4050.0
[32,11] 4161.15
[32,12] 5210.39
[32,13] 6304.36
[32,14] 6824.4
[32,15] 5727.35
[32,16] 5161.64
[32,17] 3655.48
[32,18] 3297.35
[32,19] 2462.21
[32,20] 3176.48
[32,21] 5580.77
[32,22] 6757.4
[32,23] 7957.7
[32,24] 6247.6
[32,25] 5392.82
[32,26] 2700.0
[32,27] 2789.27
[32,28] 1624.46
[32,29] 1363.8
[32,30] 1860.11
[32,31] 2000.0
[32,32] 0.0
[32,33] 700.0
[32,34] 1843.29
[32,35] 1615.45
[32,36] 2594.71
[32,37] 2968.16
[32,38] 3200.0
[32,39] 3275.67
[32,40] 3053.69
[32,41] 3606.94
[32,42] 2863.56
[32,43] 2460.18
[32,44] 5769.1
[32,45] 6451.74
[32,46] 6885.67
[32,47] 7151.57
[32,48] 6036.97
[32,49] 5463.74
[32,50] 6082.15
[32,51] 5816.13
[32,52] 4738.77
[32,53] 3946.2
[32,54] 3370.83
[32,55] 4750.0
[32,56] 5450.0
[32,57] 5882.62
[32,58] 4816.24
[32,59] 4341.08
[32,60] 4021.5
[32,61] 5727.35
[32,62] 6320.01
[32,63] 7100.18
[32,64] 7763.54
[32,65] 7447.31
[32,66] 6865.86
[32,67] 8974.69
[32,68] 9094.64
[32,69] 8753.57
[32,70] 12870.31
[32,71] 10465.42
[32,72] 10909.86
[32,73] 11008.41
[32,74] 9981.23
[32,75] 11814.61
[32,76] 12003.54
[33,0] 8984.71
[33,1] 8984.71
[33,2] 8730.69
[33,3] 6082.15
[33,4] 5463.74
[33,5] 4737.53
[33,6] 5815.39
[33,7] 6719.56
[33,8] 7151.4
[33,9] 5450.0
[33,10] 4750.0
[33,11] 4814.69
[33,12] 5880.42
[33,13] 6958.81
[33,14] 7480.14
[33,15] 6320.01
[33,16] 5727.35
[33,17] 4215.74
[33,18] 3791.11
[33,19] 3092.33
[33,20] 3807.89
[33,21] 5886.0
[33,22] 7076.19
[33,23] 8335.77
[33,24] 6408.0
[33,25] 5640.26
[33,26] 2789.27
[33,27] 2700.0
[33,28] 1362.96
[33,29] 1624.73
[33,30] 2343.07
[33,31] 2594.22
[33,32] 700.0
[33,33] 0.0
[33,34] 1616.7
[33,35] 1841.43
[33,36] 2960.15
[33,37] 3397.06
[33,38] 3275.67
[33,39] 3200.0
[33,40] 2661.77
[33,41] 3140.06
[33,42] 2247.22
[33,43] 1952.56
[33,44] 5489.31
[33,45] 6275.75
[33,46] 6850.0
[33,47] 6820.92
[33,48] 5703.07
[33,49] 4867.49
[33,50] 5463.74
[33,51] 5137.72
[33,52] 4072.56
[33,53] 3309.46
[33,54] 2728.09
[33,55] 4050.0
[33,56] 4750.0
[33,57] 5212.6
[33,58] 4162.62
[33,59] 3771.6
[33,60] 3500.36
[33,61] 5161.64
[33,62] 5727.35
[33,63] 6443.8
[33,64] 7104.4
[33,65] 6757.4
[33,66] 6184.66
[33,67] 8411.0
[33,68] 8592.0
[33,69] 8335.77
[33,70] 12314.42
[33,71] 9773.69
[33,72] 10248.17
[33,73] 10353.02
[33,74] 10633.2
[33,75] 12370.33
[33,76] 12550.9
[34,0] 10286.23
[34,1] 10286.23
[34,2] 9915.17
[34,3] 7109.95
[34,4] 6566.38
[34,5] 5593.21
[34,6] 6567.35
[34,7] 7438.16
[34,8] 7782.31
[34,9] 5882.62
[34,10] 5212.6
[34,11] 4750.0
[34,12] 5868.0
[34,13] 6801.15
[34,14] 7315.2
[34,15] 5880.99
[34,16] 5210.76
[34,17] 3784.46
[34,18] 3188.76
[34,19] 4149.75
[34,20] 4836.6
[34,21] 7413.95
[34,22] 8594.95
[34,23] 9800.76
[34,24] 8009.31
[34,25] 7204.38
[34,26] 4398.17
[34,27] 4308.12
[34,28] 2950.0
[34,29] 3155.33
[34,30] 3697.12
[34,31] 3762.57
[34,32] 1843.29
[34,33] 1616.7
[34,34] 0.0
[34,35] 1118.0
[34,36] 2144.32
[34,37] 2665.47
[34,38] 1838.07
[34,39] 1610.75
[34,40] 1280.47
[34,41] 1913.3
[34,42] 3273.06
[34,43] 3272.65
[34,44] 6961.26
[34,45] 7822.44
[34,46] 8455.61
[34,47] 8222.93
[34,48] 7114.82
[34,49] 5767.27
[34,50] 6255.19
[34,51] 5589.81
[34,52] 4680.5
[34,53] 4139.59
[34,54] 3588.09
[34,55] 4161.15
[34,56] 4814.69
[34,57] 4750.0
[34,58] 3632.0
[34,59] 2840.0
[34,60] 2412.93
[34,61] 4158.85
[34,62] 4812.69
[34,63] 5837.99
[34,64] 6502.17
[34,65] 7023.56
[34,66] 6569.07
[34,67] 9331.48
[34,68] 9676.42
[34,69] 9595.04
[34,70] 13218.61
[34,71] 9440.15
[34,72] 9618.99
[34,73] 9681.07
[34,74] 10384.37
[34,75] 13541.85
[34,76] 13742.04
[35,0] 9587.79
[35,1] 9587.79
[35,2] 9127.63
[35,3] 6255.95
[35,4] 5767.86
[35,5] 4680.02
[35,6] 5590.66
[35,7] 6438.52
[35,8] 6750.95
[35,9] 4816.24
[35,10] 4162.62
[35,11] 3632.0
[35,12] 4750.0
[35,13] 5691.37
[35,14] 6207.3
[35,15] 4814.91
[35,16] 4161.08
[35,17] 2697.77
[35,18] 2139.57
[35,19] 3409.19
[35,20] 4042.38
[35,21] 7025.73
[35,22] 8173.86
[35,23] 9284.25
[35,24] 7803.15
[35,25] 6894.0
[35,26] 4307.03
[35,27] 4396.78
[35,28] 3153.1
[35,29] 2950.0
[35,30] 3227.7
[35,31] 3128.72
[35,32] 1615.45
[35,33] 1841.43
[35,34] 1118.0
[35,35] 0.0
[35,36] 1164.12
[35,37] 1656.52
[35,38] 1611.48
[35,39] 1837.95
[35,40] 2283.96
[35,41] 2948.1
[35,42] 3966.87
[35,43] 3778.81
[35,44] 7312.62
[35,45] 8046.77
[35,46] 8500.63
[35,47] 8658.96
[35,48] 7540.93
[35,49] 6564.22
[35,50] 7107.75
[35,51] 6565.56
[35,52] 5592.36
[35,53] 4950.41
[35,54] 4373.48
[35,55] 5210.39
[35,56] 5880.42
[35,57] 5868.0
[35,58] 4750.0
[35,59] 3929.84
[35,60] 3476.0
[35,61] 5209.16
[35,62] 5879.33
[35,63] 6948.38
[35,64] 7611.16
[35,65] 8060.68
[35,66] 7572.51
[35,67] 10134.74
[35,68] 10383.35
[35,69] 10171.0
[35,70] 14038.19
[35,71] 10558.13
[35,72] 10718.51
[35,73] 10774.29
[35,74] 9293.64
[35,75] 12723.84
[35,76] 12936.66
[36,0] 9737.17
[36,1] 9737.17
[36,2] 9154.92
[36,3] 6230.97
[36,4] 5848.5
[36,5] 4602.87
[36,6] 5343.37
[36,7] 6114.33
[36,8] 6337.59
[36,9] 4341.08
[36,10] 3771.6
[36,11] 2840.0
[36,12] 3929.84
[36,13] 4750.0
[36,14] 5252.14
[36,15] 3747.67
[36,16] 3070.02
[36,17] 1700.0
[36,18] 1060.66
[36,19] 3702.03
[36,20] 4208.62
[36,21] 7573.14
[36,22] 8668.33
[36,23] 9661.39
[36,24] 8500.0
[36,25] 7516.65
[36,26] 5168.41
[36,27] 5361.2
[36,28] 4207.12
[36,29] 3804.29
[36,30] 3850.0
[36,31] 3585.04
[36,32] 2594.71
[36,33] 2960.15
[36,34] 2144.32
[36,35] 1164.12
[36,36] 0.0
[36,37] 522.02
[36,38] 1390.14
[36,39] 1990.6
[36,40] 3050.0
[36,41] 3703.04
[36,42] 5127.62
[36,43] 4911.72
[36,44] 8363.01
[36,45] 9030.64
[36,46] 9374.43
[36,47] 9737.17
[36,48] 8620.47
[36,49] 7728.2
[36,50] 8270.73
[36,51] 7703.14
[36,52] 6746.75
[36,53] 6114.33
[36,54] 5537.6
[36,55] 6304.36
[36,56] 6958.81
[36,57] 6801.15
[36,58] 5691.37
[36,59] 4750.0
[36,60] 4252.65
[36,61] 5911.43
[36,62] 6604.92
[36,63] 7800.0
[36,64] 8451.33
[36,65] 9165.42
[36,66] 8698.42
[36,67] 11298.34
[36,68] 11536.46
[36,69] 11293.47
[36,70] 15202.06
[36,71] 11477.91
[36,72] 11502.72
[36,73] 11535.27
[36,74] 8269.37
[36,75] 12669.35
[36,76] 12900.48
[37,0] 9637.69
[37,1] 9637.69
[37,2] 9004.72
[37,3] 6079.68
[37,4] 5748.26
[37,5] 4452.64
[37,6] 5106.52
[37,7] 5836.31
[37,8] 6021.0
[37,9] 4021.5
[37,10] 3500.36
[37,11] 2412.93
[37,12] 3476.0
[37,13] 4252.65
[37,14] 4750.0
[37,15] 3226.84
[37,16] 2548.04
[37,17] 1209.34
[37,18] 550.0
[37,19] 3740.66
[37,20] 4176.12
[37,21] 7669.75
[37,22] 8732.84
[37,23] 9665.66
[37,24] 8664.44
[37,25] 7650.0
[37,26] 5440.59
[37,27] 5685.95
[37,28] 4592.33
[37,29] 4092.38
[37,30] 4031.13
[37,31] 3700.0
[37,32] 2968.16
[37,33] 3397.06
[37,34] 2665.47
[37,35] 1656.52
[37,36] 522.02
[37,37] 0.0
[37,38] 1746.42
[37,39] 2404.16
[37,40] 3553.17
[37,41] 4200.0
[37,42] 5597.32
[37,43] 5348.13
[37,44] 8727.11
[37,45] 9350.13
[37,46] 9628.73
[37,47] 10118.55
[37,48] 9004.72
[37,49] 8207.47
[37,50] 8760.28
[37,51] 8214.5
[37,52] 7248.69
[37,53] 6600.19
[37,54] 6021.0
[37,55] 6824.4
[37,56] 7480.14
[37,57] 7315.2
[37,58] 6207.3
[37,59] 5252.14
[37,60] 4750.0
[37,61] 6388.47
[37,62] 7084.67
[37,63] 8301.36
[37,64] 8950.0
[37,65] 9684.65
[37,66] 9213.58
[37,67] 11773.91
[37,68] 11988.01
[37,69] 11710.04
[37,70] 15678.81
[37,71] 11987.7
[37,72] 11987.7
[37,73] 12015.2
[37,74] 7751.45
[37,75] 12471.77
[37,76] 12710.04
[38,0] 11029.28
[38,1] 11029.28
[38,2] 10490.23
[38,3] 7574.46
[38,4] 7156.29
[38,5] 5952.83
[38,6] 6727.27
[38,7] 7504.17
[38,8] 7725.44
[38,9] 5727.35
[38,10] 5161.64
[38,11] 4158.85
[38,12] 5209.16
[38,13] 5911.43
[38,14] 6388.47
[38,15] 4750.0
[38,16] 4050.0
[38,17] 2926.17
[38,18] 2261.08
[38,19] 4897.19
[38,20] 5470.83
[38,21] 8622.35
[38,22] 9760.25
[38,23] 10835.36
[38,24] 9414.48
[38,25] 8501.91
[38,26] 5900.0
[38,27] 5941.38
[38,28] 4636.77
[38,29] 4552.71
[38,30] 4827.01
[38,31] 4681.88
[38,32] 3200.0
[38,33] 3275.67
[38,34] 1838.07
[38,35] 1611.48
[38,36] 1390.14
[38,37] 1746.42
[38,38] 0.0
[38,39] 700.0
[38,40] 2127.2
[38,41] 2692.58
[38,42] 5110.77
[38,43] 5088.47
[38,44] 8745.43
[38,45] 9551.18
[38,46] 10074.35
[38,47] 10037.18
[38,48] 8924.4
[38,49] 7574.46
[38,50] 8031.97
[38,51] 7258.66
[38,52] 6428.31
[38,53] 5950.84
[38,54] 5411.33
[38,55] 5727.35
[38,56] 6320.01
[38,57] 5880.99
[38,58] 4814.91
[38,59] 3747.67
[38,60] 3226.84
[38,61] 4750.0
[38,62] 5450.0
[38,63] 6753.7
[38,64] 7383.26
[38,65] 8566.36
[38,66] 8184.13
[38,67] 11124.07
[38,68] 11502.72
[38,69] 11432.63
[38,70] 14994.83
[38,71] 10480.7
[38,72] 10353.02
[38,73] 10364.6
[38,74] 9266.34
[38,75] 14030.86
[38,76] 14257.8
[39,0] 11416.0
[39,1] 11416.0
[39,2] 10928.17
[39,3] 8031.97
[39,4] 7574.46
[39,5] 6426.89
[39,6] 7258.51
[39,7] 8061.79
[39,8] 8310.39
[39,9] 6320.01
[39,10] 5727.35
[39,11] 4812.69
[39,12] 5879.33
[39,13] 6604.92
[39,14] 7084.67
[39,15] 5450.0
[39,16] 4750.0
[39,17] 3601.74
[39,18] 2934.71
[39,19] 5242.38
[39,20] 5860.03
[39,21] 8822.98
[39,22] 9983.61
[39,23] 11115.98
[39,24] 9521.69
[39,25] 8660.98
[39,26] 5941.38
[39,27] 5900.0
[39,28] 4551.75
[39,29] 4637.56
[39,30] 5032.89
[39,31] 4964.88
[39,32] 3275.67
[39,33] 3200.0
[39,34] 1610.75
[39,35] 1837.95
[39,36] 1990.6
[39,37] 2404.16
[39,38] 700.0
[39,39] 0.0
[39,40] 1511.62
[39,41] 2024.85
[39,42] 4792.7
[39,43] 4863.38
[39,44] 8563.44
[39,45] 9433.19
[39,46] 10050.0
[39,47] 9804.34
[39,48] 8702.01
[39,49] 7156.29
[39,50] 7574.46
[39,51] 6727.33
[39,52] 5954.24
[39,53] 5549.1
[39,54] 5036.12
[39,55] 5161.64
[39,56] 5727.35
[39,57] 5210.76
[39,58] 4161.08
[39,59] 3070.02
[39,60] 2548.04
[39,61] 4050.0
[39,62] 4750.0
[39,63] 6059.91
[39,64] 6686.74
[39,65] 7973.86
[39,66] 7621.68
[39,67] 10674.5
[39,68] 11109.57
[39,69] 11115.98
[39,70] 14520.5
[39,71] 9790.05
[39,72] 9653.24
[39,73] 9665.66
[39,74] 9965.19
[39,75] 14501.9
[39,76] 14721.58
[40,0] 11536.46
[40,1] 11536.46
[40,2] 11186.6
[40,3] 8390.02
[40,4] 7842.35
[40,5] 6871.32
[40,6] 7834.66
[40,7] 8698.42
[40,8] 9027.32
[40,9] 7100.18
[40,10] 6443.8
[40,11] 5837.99
[40,12] 6948.38
[40,13] 7800.0
[40,14] 8301.36
[40,15] 6753.7
[40,16] 6059.91
[40,17] 4750.0
[40,18] 4102.74
[40,19] 5423.33
[40,20] 6114.33
[40,21] 8547.51
[40,22] 9737.17
[40,23] 10983.62
[40,24] 9030.64
[40,25] 8297.74
[40,26] 5413.41
[40,27] 5202.4
[40,28] 3841.04
[40,29] 4281.1
[40,30] 4911.72
[40,31] 5020.46
[40,32] 3053.69
[40,33] 2661.77
[40,34] 1280.47
[40,35] 2283.96
[40,36] 3050.0
[40,37] 3553.17
[40,38] 2127.2
[40,39] 1511.62
[40,40] 0.0
[40,41] 667.08
[40,42] 3609.02
[40,43] 3850.0
[40,44] 7528.11
[40,45] 8500.0
[40,46] 9284.53
[40,47] 8668.33
[40,48] 7595.39
[40,49] 5774.3
[40,50] 6144.31
[40,51] 5236.13
[40,52] 4516.51
[40,53] 4208.62
[40,54] 3747.33
[40,55] 3655.48
[40,56] 4215.74
[40,57] 3784.46
[40,58] 2697.77
[40,59] 1700.0
[40,60] 1209.34
[40,61] 2926.17
[40,62] 3601.74
[40,63] 4750.0
[40,64] 5402.08
[40,65] 6462.39
[40,66] 6114.33
[40,67] 9241.75
[40,68] 9737.17
[40,69] 9843.27
[40,70] 13059.86
[40,71] 8438.01
[40,72] 8471.72
[40,73] 8515.87
[40,74] 11287.16
[40,75] 14816.54
[40,76] 15014.66
[41,0] 12092.35
[41,1] 12092.35
[41,2] 11773.91
[41,3] 9003.47
[41,4] 8441.71
[41,5] 7503.25
[41,6] 8480.29
[41,7] 9348.93
[41,8] 9684.65
[41,9] 7763.54
[41,10] 7104.4
[41,11] 6502.17
[41,12] 7611.16
[41,13] 8451.33
[41,14] 8950.0
[41,15] 7383.26
[41,16] 6686.74
[41,17] 5402.08
[41,18] 4750.0
[41,19] 6021.0
[41,20] 6720.12
[41,21] 9004.72
[41,22] 10197.18
[41,23] 11473.67
[41,24] 9408.11
[41,25] 8727.11
[41,26] 5813.78
[41,27] 5536.24
[41,28] 4202.65
[41,29] 4763.02
[41,30] 5448.85
[41,31] 5597.32
[41,32] 3606.94
[41,33] 3140.06
[41,34] 1913.3
[41,35] 2948.1
[41,36] 3703.04
[41,37] 4200.0
[41,38] 2692.58
[41,39] 2024.85
[41,40] 667.08
[41,41] 0.0
[41,42] 3700.0
[41,43] 4052.47
[41,44] 7650.0
[41,45] 8674.39
[41,46] 9541.1
[41,47] 8713.5
[41,48] 7669.75
[41,49] 5626.94
[41,50] 5929.8
[41,51] 4914.34
[41,52] 4310.73
[41,53] 4135.52
[41,54] 3740.66
[41,55] 3297.35
[41,56] 3791.11
[41,57] 3188.76
[41,58] 2139.57
[41,59] 1060.66
[41,60] 550.0
[41,61] 2261.08
[41,62] 2934.71
[41,63] 4102.74
[41,64] 4750.0
[41,65] 6021.0
[41,66] 5728.0
[41,67] 9004.72
[41,68] 9572.49
[41,69] 9774.71
[41,70] 12770.47
[41,71] 7808.01
[41,72] 7808.01
[41,73] 7850.16
[41,74] 11915.75
[41,75] 15409.25
[41,76] 15602.72
[42,0] 9793.11
[42,1] 9793.11
[42,2] 9782.89
[42,3] 7501.5
[42,4] 6817.07
[42,5] 6443.68
[42,6] 7558.45
[42,7] 8455.32
[42,8] 8950.0
[42,9] 7447.31
[42,10] 6757.4
[42,11] 7023.56
[42,12] 8060.68
[42,13] 9165.42
[42,14] 9684.65
[42,15] 8566.36
[42,16] 7973.86
[42,17] 6462.39
[42,18] 6021.0
[42,19] 4750.0
[42,20] 5408.33
[42,21] 6177.78
[42,22] 7325.47
[42,23] 8726.11
[42,24] 6180.01
[42,25] 5765.63
[42,26] 3001.67
[42,27] 2420.74
[42,28] 1698.37
[42,29] 2810.9
[42,30] 3712.14
[42,31] 4200.0
[42,32] 2863.56
[42,33] 2247.22
[42,34] 3273.06
[42,35] 3966.87
[42,36] 5127.62
[42,37] 5597.32
[42,38] 5110.77
[42,39] 4792.7
[42,40] 3609.02
[42,41] 3700.0
[42,42] 0.0
[42,43] 715.89
[42,44] 3950.0
[42,45] 4992.49
[42,46] 5960.91
[42,47] 5060.14
[42,48] 3988.11
[42,49] 2621.55
[42,50] 3220.64
[42,51] 3061.53
[42,52] 1948.63
[42,53] 1092.02
[42,54] 550.0
[42,55] 2462.21
[42,56] 3092.33
[42,57] 4149.75
[42,58] 3409.19
[42,59] 3702.03
[42,60] 3740.66
[42,61] 4897.19
[42,62] 5242.38
[42,63] 5423.33
[42,64] 6021.0
[42,65] 4750.0
[42,66] 4110.96
[42,67] 6177.78
[42,68] 6427.48
[42,69] 6328.11
[42,70] 10082.91
[42,71] 8223.44
[42,72] 9037.98
[42,73] 9195.92
[42,74] 12842.31
[42,75] 13350.84
[42,76] 13491.66
[43,0] 9080.89
[43,1] 9080.89
[43,2] 9067.11
[43,3] 6806.61
[43,4] 6118.82
[43,5] 5794.02
[43,6] 6908.67
[43,7] 7800.0
[43,8] 8305.42
[43,9] 6865.86
[43,10] 6184.66
[43,11] 6569.07
[43,12] 7572.51
[43,13] 8698.42
[43,14] 9213.58
[43,15] 8184.13
[43,16] 7621.68
[43,17] 6114.33
[43,18] 5728.0
[43,19] 4110.96
[43,20] 4750.0
[43,21] 5489.31
[43,22] 6647.18
[43,23] 8038.81
[43,24] 5561.03
[43,25] 5091.66
[43,26] 2289.65
[43,27] 1732.77
[43,28] 1053.17
[43,29] 2162.35
[43,30] 3050.0
[43,31] 3562.65
[43,32] 2460.18
[43,33] 1952.56
[43,34] 3272.65
[43,35] 3778.81
[43,36] 4911.72
[43,37] 5348.13
[43,38] 5088.47
[43,39] 4863.38
[43,40] 3850.0
[43,41] 4052.47
[43,42] 715.89
[43,43] 0.0
[43,44] 3707.42
[43,45] 4650.0
[43,46] 5494.09
[43,47] 4951.01
[43,48] 3842.2
[43,49] 3046.31
[43,50] 3700.0
[43,51] 3711.16
[43,52] 2597.45
[43,53] 1700.0
[43,54] 1236.93
[43,55] 3176.48
[43,56] 3807.89
[43,57] 4836.6
[43,58] 4042.38
[43,59] 4208.62
[43,60] 4176.12
[43,61] 5470.83
[43,62] 5860.03
[43,63] 6114.33
[43,64] 6720.12
[43,65] 5408.33
[43,66] 4750.0
[43,67] 6517.86
[43,68] 6647.18
[43,69] 6393.16
[43,70] 10410.69
[43,71] 8936.58
[43,72] 9750.0
[43,73] 9905.68
[43,74] 12369.42
[43,75] 12635.76
[43,76] 12777.42
[44,0] 8508.97
[44,1] 8508.97
[44,2] 8950.0
[44,3] 7747.58
[44,4] 7086.96
[44,5] 7480.79
[44,6] 8459.52
[44,7] 9204.62
[44,8] 9782.89
[44,9] 8974.69
[44,10] 8411.0
[44,11] 9331.48
[44,12] 10134.74
[44,13] 11298.34
[44,14] 11773.91
[44,15] 11124.07
[44,16] 10674.5
[44,17] 9241.75
[44,18] 9004.72
[44,19] 6177.78
[44,20] 6517.86
[44,21] 4750.0
[44,22] 5491.81
[44,23] 6863.85
[44,24] 3832.75
[44,25] 4200.0
[44,26] 3572.46
[44,27] 3100.4
[44,28] 4162.41
[44,29] 4725.93
[44,30] 5197.36
[44,31] 5765.63
[44,32] 5769.1
[44,33] 5489.31
[44,34] 6961.26
[44,35] 7312.62
[44,36] 8363.01
[44,37] 8727.11
[44,38] 8745.43
[44,39] 8563.44
[44,40] 7528.11
[44,41] 7650.0
[44,42] 3950.0
[44,43] 3707.42
[44,44] 0.0
[44,45] 1192.69
[44,46] 2549.51
[44,47] 1450.0
[44,48] 550.0
[44,49] 3259.6
[44,50] 3758.32
[44,51] 4879.98
[44,52] 4269.71
[44,53] 3798.03
[44,54] 3988.11
[44,55] 5580.77
[44,56] 5886.0
[44,57] 7413.95
[44,58] 7025.73
[44,59] 7573.14
[44,60] 7669.75
[44,61] 8622.35
[44,62] 8822.98
[44,63] 8547.51
[44,64] 9004.72
[44,65] 6177.78
[44,66] 5489.31
[44,67] 4750.0
[44,68] 4220.19
[44,69] 3318.51
[44,70] 8143.25
[44,71] 10244.63
[44,72] 11576.81
[44,73] 11801.38
[44,74] 14820.0
[44,75] 12052.49
[44,76] 12110.84
[45,0] 7800.0
[45,1] 7800.0
[45,2] 8360.02
[45,3] 7536.08
[45,4] 6921.16
[45,5] 7524.37
[45,6] 8412.24
[45,7] 9080.89
[45,8] 9663.98
[45,9] 9094.64
[45,10] 8592.0
[45,11] 9676.42
[45,12] 10383.35
[45,13] 11536.46
[45,14] 11988.01
[45,15] 11502.72
[45,16] 11109.57
[45,17] 9737.17
[45,18] 9572.49
[45,19] 6427.48
[45,20] 6647.18
[45,21] 4220.19
[45,22] 4750.0
[45,23] 6040.7
[45,24] 3050.0
[45,25] 3688.16
[45,26] 3962.95
[45,27] 3669.47
[45,28] 4914.73
[45,29] 5264.2
[45,30] 5561.03
[45,31] 6091.39
[45,32] 6451.74
[45,33] 6275.75
[45,34] 7822.44
[45,35] 8046.77
[45,36] 9030.64
[45,37] 9350.13
[45,38] 9551.18
[45,39] 9433.19
[45,40] 8500.0
[45,41] 8674.39
[45,42] 4992.49
[45,43] 4650.0
[45,44] 1192.69
[45,45] 0.0
[45,46] 1432.65
[45,47] 1700.0
[45,48] 1562.05
[45,49] 4443.25
[45,50] 4914.52
[45,51] 6067.79
[45,52] 5457.37
[45,53] 4951.01
[45,54] 5093.38
[45,55] 6757.4
[45,56] 7076.19
[45,57] 8594.95
[45,58] 8173.86
[45,59] 8668.33
[45,60] 8732.84
[45,61] 9760.25
[45,62] 9983.61
[45,63] 9737.17
[45,64] 10197.18
[45,65] 7325.47
[45,66] 6647.18
[45,67] 5491.81
[45,68] 4750.0
[45,69] 3569.31
[45,70] 8532.88
[45,71] 11395.17
[45,72] 12756.17
[45,73] 12983.45
[45,74] 14948.24
[45,75] 11264.1
[45,76] 11300.0
[46,0] 6587.3
[46,1] 6587.3
[46,2] 7252.07
[46,3] 6850.18
[46,4] 6307.54
[46,5] 7135.32
[46,6] 7891.37
[46,7] 8457.25
[46,8] 9034.66
[46,9] 8753.57
[46,10] 8335.77
[46,11] 9595.04
[46,12] 10171.0
[46,13] 11293.47
[46,14] 11710.04
[46,15] 11432.63
[46,16] 11115.98
[46,17] 9843.27
[46,18] 9774.71
[46,19] 6328.11
[46,20] 6393.16
[46,21] 3318.51
[46,22] 3569.31
[46,23] 4750.0
[46,24] 1931.32
[46,25] 2860.07
[46,26] 4208.62
[46,27] 4150.0
[46,28] 5506.93
[46,29] 5576.26
[46,30] 5644.69
[46,31] 6100.2
[46,32] 6885.67
[46,33] 6850.0
[46,34] 8455.61
[46,35] 8500.63
[46,36] 9374.43
[46,37] 9628.73
[46,38] 10074.35
[46,39] 10050.0
[46,40] 9284.53
[46,41] 9541.1
[46,42] 5960.91
[46,43] 5494.09
[46,44] 2549.51
[46,45] 1432.65
[46,46] 0.0
[46,47] 3031.91
[46,48] 2982.03
[46,49] 5798.71
[46,50] 6307.54
[46,51] 7407.08
[46,52] 6711.23
[46,53] 6109.42
[46,54] 6158.33
[46,55] 7957.7
[46,56] 8335.77
[46,57] 9800.76
[46,58] 9284.25
[46,59] 9661.39
[46,60] 9665.66
[46,61] 10835.36
[46,62] 11115.98
[46,63] 10983.62
[46,64] 11473.67
[46,65] 8726.11
[46,66] 8038.81
[46,67] 6863.85
[46,68] 6040.7
[46,69] 4750.0
[46,70] 9683.1
[46,71] 12793.85
[46,72] 14114.27
[46,73] 14334.66
[46,74] 14538.31
[46,75] 9962.55
[46,76] 9982.11
[47,0] 9500.0
[47,1] 9500.0
[47,2] 10049.88
[47,3] 9080.89
[47,4] 8437.56
[47,5] 8899.37
[47,6] 9855.95
[47,7] 10576.98
[47,8] 11158.07
[47,9] 10410.69
[47,10] 9854.57
[47,11] 10780.03
[47,12] 11584.09
[47,13] 12747.55
[47,14] 13222.05
[47,15] 12569.11
[47,16] 12112.49
[47,17] 10670.17
[47,18] 10414.53
[47,19] 7625.12
[47,20] 7951.41
[47,21] 5885.58
[47,22] 6450.0
[47,23] 7731.75
[47,24] 4750.0
[47,25] 5344.39
[47,26] 5022.45
[47,27] 4539.27
[47,28] 5530.59
[47,29] 6159.19
[47,30] 6647.18
[47,31] 7215.61
[47,32] 7151.57
[47,33] 6820.92
[47,34] 8222.93
[47,35] 8658.96
[47,36] 9737.17
[47,37] 10118.55
[47,38] 10037.18
[47,39] 9804.34
[47,40] 8668.33
[47,41] 8713.5
[47,42] 5060.14
[47,43] 4951.01
[47,44] 1450.0
[47,45] 1700.0
[47,46] 3031.91
[47,47] 0.0
[47,48] 1118.03
[47,49] 3621.12
[47,50] 3891.34
[47,51] 5205.85
[47,52] 4884.33
[47,53] 4650.0
[47,54] 4975.19
[47,55] 6247.6
[47,56] 6408.0
[47,57] 8009.31
[47,58] 7803.15
[47,59] 8500.0
[47,60] 8664.44
[47,61] 9414.48
[47,62] 9521.69
[47,63] 9030.64
[47,64] 9408.11
[47,65] 6180.01
[47,66] 5561.03
[47,67] 3832.75
[47,68] 3050.0
[47,69] 1931.32
[47,70] 6865.86
[47,71] 10206.86
[47,72] 11706.84
[47,73] 11954.08
[47,74] 16261.0
[47,75] 12955.69
[47,76] 12986.92
[48,0] 9055.39
[48,1] 9055.39
[48,2] 9500.0
[48,3] 8271.18
[48,4] 7605.43
[48,5] 7959.33
[48,6] 8954.25
[48,7] 9711.98
[48,8] 10288.46
[48,9] 9430.4
[48,10] 8852.26
[48,11] 9719.21
[48,12] 10551.26
[48,13] 11715.37
[48,14] 12197.23
[48,15] 11494.89
[48,16] 11025.54
[48,17] 9573.53
[48,18] 9306.58
[48,19] 6610.03
[48,20] 6980.33
[48,21] 5300.0
[48,22] 6033.45
[48,23] 7397.97
[48,24] 4366.06
[48,25] 4750.0
[48,26] 3990.61
[48,27] 3464.82
[48,28] 4414.68
[48,29] 5071.95
[48,30] 5602.23
[48,31] 6177.78
[48,32] 6036.97
[48,33] 5703.07
[48,34] 7114.82
[48,35] 7540.93
[48,36] 8620.47
[48,37] 9004.72
[48,38] 8924.4
[48,39] 8702.01
[48,40] 7595.39
[48,41] 7669.75
[48,42] 3988.11
[48,43] 3842.2
[48,44] 550.0
[48,45] 1562.05
[48,46] 2982.03
[48,47] 1118.03
[48,48] 0.0
[48,49] 2926.17
[48,50] 3360.43
[48,51] 4555.53
[48,52] 4049.15
[48,53] 3684.09
[48,54] 3950.0
[48,55] 5392.82
[48,56] 5640.26
[48,57] 7204.38
[48,58] 6894.0
[48,59] 7516.65
[48,60] 7650.0
[48,61] 8501.91
[48,62] 8660.98
[48,63] 8297.74
[48,64] 8727.11
[48,65] 5765.63
[48,66] 5091.66
[48,67] 4200.0
[48,68] 3688.16
[48,69] 2860.07
[48,70] 7621.68
[48,71] 9835.14
[48,72] 11216.06
[48,73] 11447.71
[48,74] 15263.35
[48,75] 12593.65
[48,76] 12649.51
[49,0] 11147.31
[49,1] 11147.31
[49,2] 11367.17
[49,3] 9500.0
[49,4] 8800.0
[49,5] 8697.88
[49,6] 9800.7
[49,7] 10667.71
[49,8] 11200.89
[49,9] 9876.23
[49,10] 9204.89
[49,11] 9607.49
[49,12] 10618.5
[49,13] 11741.49
[49,14] 12257.65
[49,15] 11183.02
[49,16] 10594.81
[49,17] 9083.23
[49,18] 8640.02
[49,19] 7061.16
[49,20] 7644.77
[49,21] 7322.06
[49,22] 8300.9
[49,23] 9729.47
[49,24] 6791.54
[49,25] 6806.25
[49,26] 4750.0
[49,27] 4050.0
[49,28] 4073.28
[49,29] 5138.07
[49,30] 5971.81
[49,31] 6524.76
[49,32] 5463.74
[49,33] 4867.49
[49,34] 5767.27
[49,35] 6564.22
[49,36] 7728.2
[49,37] 8207.47
[49,38] 7574.46
[49,39] 7156.29
[49,40] 5774.3
[49,41] 5626.94
[49,42] 2621.55
[49,43] 3046.31
[49,44] 3259.6
[49,45] 4443.25
[49,46] 5798.71
[49,47] 3621.12
[49,48] 2926.17
[49,49] 0.0
[49,50] 700.0
[49,51] 1629.44
[49,52] 1367.75
[49,53] 1627.88
[49,54] 2193.17
[49,55] 2700.0
[49,56] 2789.27
[49,57] 4398.17
[49,58] 4307.03
[49,59] 5168.41
[49,60] 5440.59
[49,61] 5900.0
[49,62] 5941.38
[49,63] 5413.41
[49,64] 5813.78
[49,65] 3001.67
[49,66] 2289.65
[49,67] 3572.46
[49,68] 3962.95
[49,69] 4208.62
[49,70] 7474.12
[49,71] 7030.11
[49,72] 8317.6
[49,73] 8541.81
[49,74] 15414.36
[49,75] 14752.03
[49,76] 14849.33
[50,0] 11814.93
[50,1] 11814.93
[50,2] 12051.66
[50,3] 10200.0
[50,4] 9500.0
[50,5] 9389.99
[50,6] 10494.45
[50,7] 11363.54
[50,8] 11894.96
[50,9] 10551.3
[50,10] 9876.23
[50,11] 10238.16
[50,12] 11262.05
[50,13] 12377.1
[50,14] 12894.96
[50,15] 11783.46
[50,16] 11183.02
[50,17] 9672.9
[50,18] 9208.69
[50,19] 7746.61
[50,20] 8336.82
[50,21] 7985.14
[50,22] 8942.32
[50,23] 10366.89
[50,24] 7403.04
[50,25] 7463.58
[50,26] 5450.0
[50,27] 4750.0
[50,28] 4739.24
[50,29] 5816.32
[50,30] 6659.02
[50,31] 7207.81
[50,32] 6082.15
[50,33] 5463.74
[50,34] 6255.19
[50,35] 7107.75
[50,36] 8270.73
[50,37] 8760.28
[50,38] 8031.97
[50,39] 7574.46
[50,40] 6144.31
[50,41] 5929.8
[50,42] 3220.64
[50,43] 3700.0
[50,44] 3758.32
[50,45] 4914.52
[50,46] 6307.54
[50,47] 3891.34
[50,48] 3360.43
[50,49] 700.0
[50,50] 0.0
[50,51] 1368.89
[50,52] 1628.05
[50,53] 2163.33
[50,54] 2745.91
[50,55] 2789.27
[50,56] 2700.0
[50,57] 4308.12
[50,58] 4396.78
[50,59] 5361.2
[50,60] 5685.95
[50,61] 5941.38
[50,62] 5900.0
[50,63] 5202.4
[50,64] 5536.24
[50,65] 2420.74
[50,66] 1732.77
[50,67] 3100.4
[50,68] 3669.47
[50,69] 4150.0
[50,70] 6965.09
[50,71] 6486.33
[50,72] 7863.36
[50,73] 8100.15
[50,74] 16052.8
[50,75] 15417.93
[50,76] 15511.04
[51,0] 12470.08
[51,1] 12470.08
[51,2] 12595.83
[51,3] 10495.57
[51,4] 9801.83
[51,5] 9500.0
[51,6] 10615.0
[51,7] 11509.02
[51,8] 12008.9
[51,9] 10494.8
[51,10] 9801.0
[51,11] 9945.58
[51,12] 11017.99
[51,13] 12087.26
[51,14] 12609.18
[51,15] 11357.89
[51,16] 10720.1
[51,17] 9230.69
[51,18] 8704.27
[51,19] 7809.38
[51,20] 8459.38
[51,21] 8684.91
[51,22] 9726.59
[51,23] 11159.22
[51,24] 8290.92
[51,25] 8193.98
[51,26] 5817.52
[51,27] 5139.3
[51,28] 4750.0
[51,29] 5865.0
[51,30] 6759.73
[51,31] 7259.49
[51,32] 5816.13
[51,33] 5137.72
[51,34] 5589.81
[51,35] 6565.56
[51,36] 7703.14
[51,37] 8214.5
[51,38] 7258.66
[51,39] 6727.33
[51,40] 5236.13
[51,41] 4914.34
[51,42] 3061.53
[51,43] 3711.16
[51,44] 4879.98
[51,45] 6067.79
[51,46] 7407.08
[51,47] 5205.85
[51,48] 4555.53
[51,49] 1629.44
[51,50] 1368.89
[51,51] 0.0
[51,52] 1115.0
[51,53] 2013.82
[51,54] 2512.3
[51,55] 1624.46
[51,56] 1362.96
[51,57] 2950.0
[51,58] 3153.1
[51,59] 4207.12
[51,60] 4592.33
[51,61] 4636.77
[51,62] 4551.75
[51,63] 3841.04
[51,64] 4202.65
[51,65] 1698.37
[51,66] 1053.17
[51,67] 4162.41
[51,68] 4914.73
[51,69] 5506.93
[51,70] 7857.65
[51,71] 5514.3
[51,72] 6710.15
[51,73] 6927.79
[51,74] 15755.25
[51,75] 16071.23
[51,76] 16185.68
[52,0] 11448.74
[52,1] 11448.74
[52,2] 11537.45
[52,3] 9390.83
[52,4] 8698.71
[52,5] 8385.0
[52,6] 9500.0
[52,7] 10394.11
[52,8] 10894.01
[52,9] 9390.26
[52,10] 8698.09
[52,11] 8887.24
[52,12] 9948.44
[52,13] 11031.3
[52,14] 11552.69
[52,15] 10346.21
[52,16] 9722.34
[52,17] 8221.61
[52,18] 7720.32
[52,19] 6694.64
[52,20] 7344.57
[52,21] 7697.5
[52,22] 8773.76
[52,23] 10203.51
[52,24] 7409.63
[52,25] 7224.38
[52,26] 4739.91
[52,27] 4073.89
[52,28] 3635.0
[52,29] 4750.0
[52,30] 5645.05
[52,31] 6144.78
[52,32] 4738.77
[52,33] 4072.56
[52,34] 4680.5
[52,35] 5592.36
[52,36] 6746.75
[52,37] 7248.69
[52,38] 6428.31
[52,39] 5954.24
[52,40] 4516.51
[52,41] 4310.73
[52,42] 1948.63
[52,43] 2597.45
[52,44] 4269.71
[52,45] 5457.37
[52,46] 6711.23
[52,47] 4884.33
[52,48] 4049.15
[52,49] 1367.75
[52,50] 1628.05
[52,51] 1115.0
[52,52] 0.0
[52,53] 905.84
[52,54] 1400.84
[52,55] 1363.8
[52,56] 1624.73
[52,57] 3155.33
[52,58] 2950.0
[52,59] 3804.29
[52,60] 4092.38
[52,61] 4552.71
[52,62] 4637.56
[52,63] 4281.1
[52,64] 4763.02
[52,65] 2810.9
[52,66] 2162.35
[52,67] 4725.93
[52,68] 5264.2
[52,69] 5576.26
[52,70] 8569.51
[52,71] 6489.97
[52,72] 7532.73
[52,73] 7727.28
[52,74] 14704.98
[52,75] 15042.3
[52,76] 15164.5
[53,0] 10576.98
[53,1] 10576.98
[53,2] 10645.3
[53,3] 8485.28
[53,4] 7792.95
[53,5] 7493.56
[53,6] 8608.34
[53,7] 9500.0
[53,8] 10004.5
[53,9] 8532.88
[53,10] 7844.74
[53,11] 8107.32
[53,12] 9149.87
[53,13] 10250.49
[53,14] 10770.33
[53,15] 9625.49
[53,16] 9021.09
[53,17] 7511.66
[53,18] 7045.57
[53,19] 5807.75
[53,20] 6450.0
[53,21] 6852.92
[53,22] 7951.41
[53,23] 9376.17
[53,24] 6647.18
[53,25] 6394.14
[53,26] 3842.2
[53,27] 3184.73
[53,28] 2746.27
[53,29] 3859.99
[53,30] 4750.0
[53,31] 5258.56
[53,32] 3946.2
[53,33] 3309.46
[53,34] 4139.59
[53,35] 4950.41
[53,36] 6114.33
[53,37] 6600.19
[53,38] 5950.84
[53,39] 5549.1
[53,40] 4208.62
[53,41] 4135.52
[53,42] 1092.02
[53,43] 1700.0
[53,44] 3798.03
[53,45] 4951.01
[53,46] 6109.42
[53,47] 4650.0
[53,48] 3684.09
[53,49] 1627.88
[53,50] 2163.33
[53,51] 2013.82
[53,52] 905.84
[53,53] 0.0
[53,54] 583.1
[53,55] 1860.11
[53,56] 2343.07
[53,57] 3697.12
[53,58] 3227.7
[53,59] 3850.0
[53,60] 4031.13
[53,61] 4827.01
[53,62] 5032.89
[53,63] 4911.72
[53,64] 5448.85
[53,65] 3712.14
[53,66] 3050.0
[53,67] 5197.36
[53,68] 5561.03
[53,69] 5644.69
[53,70] 9094.64
[53,71] 7361.56
[53,72] 8330.22
[53,73] 8511.9
[53,74] 13927.4
[53,75] 14164.48
[53,76] 14290.99
[54,0] 10271.44
[54,1] 10271.44
[54,2] 10288.46
[54,3] 8041.14
[54,4] 7354.59
[54,5] 6993.55
[54,6] 8108.35
[54,7] 9005.0
[54,8] 9500.0
[54,9] 7990.62
[54,10] 7299.32
[54,11] 7531.06
[54,12] 8578.51
[54,13] 9674.84
[54,14] 10195.1
[54,15] 9042.68
[54,16] 8438.01
[54,17] 6928.56
[54,18] 6463.75
[54,19] 5300.0
[54,20] 5957.56
[54,21] 6610.03
[54,22] 7739.83
[54,23] 9152.19
[54,24] 6524.19
[54,25] 6177.78
[54,26] 3488.91
[54,27] 2872.72
[54,28] 2246.81
[54,29] 3360.26
[54,30] 4260.58
[54,31] 4750.0
[54,32] 3370.83
[54,33] 2728.09
[54,34] 3588.09
[54,35] 4373.48
[54,36] 5537.6
[54,37] 6021.0
[54,38] 5411.33
[54,39] 5036.12
[54,40] 3747.33
[54,41] 3740.66
[54,42] 550.0
[54,43] 1236.93
[54,44] 3988.11
[54,45] 5093.38
[54,46] 6158.33
[54,47] 4975.19
[54,48] 3950.0
[54,49] 2193.17
[54,50] 2745.91
[54,51] 2512.3
[54,52] 1400.84
[54,53] 583.1
[54,54] 0.0
[54,55] 2000.0
[54,56] 2594.22
[54,57] 3762.57
[54,58] 3128.72
[54,59] 3585.04
[54,60] 3700.0
[54,61] 4681.88
[54,62] 4964.88
[54,63] 5020.46
[54,64] 5597.32
[54,65] 4200.0
[54,66] 3562.65
[54,67] 5765.63
[54,68] 6091.39
[54,69] 6100.2
[54,70] 9666.57
[54,71] 7707.3
[54,72] 8571.03
[54,73] 8737.42
[54,74] 13351.5
[54,75] 13841.33
[54,76] 13977.21
[55,0] 12254.9
[55,1] 12254.9
[55,2] 12236.52
[55,3] 9876.23
[55,4] 9204.89
[55,5] 8696.95
[55,6] 9800.15
[55,7] 10705.61
[55,8] 11164.68
[55,9] 9500.0
[55,10] 8800.0
[55,11] 8738.29
[55,12] 9839.29
[55,13] 10857.37
[55,14] 11378.05
[55,15] 10024.47
[55,16] 9363.76
[55,17] 7907.28
[55,18] 7338.94
[55,19] 7003.57
[55,20] 7697.56
[55,21] 8610.02
[55,22] 9737.81
[55,23] 11151.79
[55,24] 8487.93
[55,25] 8175.88
[55,26] 5463.74
[55,27] 4867.49
[55,28] 4071.29
[55,29] 5137.02
[55,30] 6039.25
[55,31] 6462.39
[55,32] 4750.0
[55,33] 4050.0
[55,34] 4161.15
[55,35] 5210.39
[55,36] 6304.36
[55,37] 6824.4
[55,38] 5727.35
[55,39] 5161.64
[55,40] 3655.48
[55,41] 3297.35
[55,42] 2462.21
[55,43] 3176.48
[55,44] 5580.77
[55,45] 6757.4
[55,46] 7957.7
[55,47] 6247.6
[55,48] 5392.82
[55,49] 2700.0
[55,50] 2789.27
[55,51] 1624.46
[55,52] 1363.8
[55,53] 1860.11
[55,54] 2000.0
[55,55] 0.0
[55,56] 700.0
[55,57] 1843.29
[55,58] 1615.45
[55,59] 2594.71
[55,60] 2968.16
[55,61] 3200.0
[55,62] 3275.67
[55,63] 3053.69
[55,64] 3606.94
[55,65] 2863.56
[55,66] 2460.18
[55,67] 5769.1
[55,68] 6451.74
[55,69] 6885.67
[55,70] 9480.64
[55,71] 5810.55
[55,72] 6577.42
[55,73] 6739.62
[55,74] 14493.53
[55,75] 15812.1
[55,76] 15953.76
[56,0] 12865.17
[56,1] 12865.17
[56,2] 12874.88
[56,3] 10551.3
[56,4] 9876.23
[56,5] 9389.13
[56,6] 10493.94
[56,7] 11399.12
[56,8] 11860.86
[56,9] 10200.0
[56,10] 9500.0
[56,11] 9427.29
[56,12] 10530.57
[56,13] 11541.77
[56,14] 12061.92
[56,15] 10690.18
[56,16] 10024.47
[56,17] 8578.17
[56,18] 8000.62
[56,19] 7694.15
[56,20] 8385.25
[56,21] 9180.55
[56,22] 10290.04
[56,23] 11712.07
[56,24] 8984.71
[56,25] 8730.69
[56,26] 6082.15
[56,27] 5463.74
[56,28] 4737.53
[56,29] 5815.39
[56,30] 6719.56
[56,31] 7151.4
[56,32] 5450.0
[56,33] 4750.0
[56,34] 4814.69
[56,35] 5880.42
[56,36] 6958.81
[56,37] 7480.14
[56,38] 6320.01
[56,39] 5727.35
[56,40] 4215.74
[56,41] 3791.11
[56,42] 3092.33
[56,43] 3807.89
[56,44] 5886.0
[56,45] 7076.19
[56,46] 8335.77
[56,47] 6408.0
[56,48] 5640.26
[56,49] 2789.27
[56,50] 2700.0
[56,51] 1362.96
[56,52] 1624.73
[56,53] 2343.07
[56,54] 2594.22
[56,55] 700.0
[56,56] 0.0
[56,57] 1616.7
[56,58] 1841.43
[56,59] 2960.15
[56,60] 3397.06
[56,61] 3275.67
[56,62] 3200.0
[56,63] 2661.77
[56,64] 3140.06
[56,65] 2247.22
[56,66] 1952.56
[56,67] 5489.31
[56,68] 6275.75
[56,69] 6850.0
[56,70] 9084.74
[56,71] 5139.31
[56,72] 5992.7
[56,73] 6170.29
[56,74] 15170.78
[56,75] 16435.1
[56,76] 16571.44
[57,0] 13877.65
[57,1] 13877.65
[57,2] 13778.36
[57,3] 11264.28
[57,4] 10620.73
[57,5] 9949.4
[57,6] 11019.49
[57,7] 11920.94
[57,8] 12332.76
[57,9] 10532.7
[57,10] 9841.43
[57,11] 9500.0
[57,12] 10618.0
[57,13] 11534.21
[57,14] 12043.45
[57,15] 10531.79
[57,16] 9840.45
[57,17] 8492.92
[57,18] 7861.34
[57,19] 8297.77
[57,20] 9011.12
[57,21] 10324.68
[57,22] 11475.22
[57,23] 12873.9
[57,24] 10286.23
[57,25] 9915.17
[57,26] 7109.95
[57,27] 6566.38
[57,28] 5593.21
[57,29] 6567.35
[57,30] 7438.16
[57,31] 7782.31
[57,32] 5882.62
[57,33] 5212.6
[57,34] 4750.0
[57,35] 5868.0
[57,36] 6801.15
[57,37] 7315.2
[57,38] 5880.99
[57,39] 5210.76
[57,40] 3784.46
[57,41] 3188.76
[57,42] 4149.75
[57,43] 4836.6
[57,44] 7413.95
[57,45] 8594.95
[57,46] 9800.76
[57,47] 8009.31
[57,48] 7204.38
[57,49] 4398.17
[57,50] 4308.12
[57,51] 2950.0
[57,52] 3155.33
[57,53] 3697.12
[57,54] 3762.57
[57,55] 1843.29
[57,56] 1616.7
[57,57] 0.0
[57,58] 1118.0
[57,59] 2144.32
[57,60] 2665.47
[57,61] 1838.07
[57,62] 1610.75
[57,63] 1280.47
[57,64] 1913.3
[57,65] 3273.06
[57,66] 3272.65
[57,67] 6961.26
[57,68] 7822.44
[57,69] 8455.61
[57,70] 10373.72
[57,71] 4690.3
[57,72] 5040.59
[57,73] 5158.07
[57,74] 15063.79
[57,75] 17391.5
[57,76] 17547.82
[58,0] 12964.84
[58,1] 12964.84
[58,2] 12815.04
[58,3] 10239.55
[58,4] 9608.83
[58,5] 8887.52
[58,6] 9946.53
[58,7] 10845.09
[58,8] 11246.64
[58,9] 9429.09
[58,10] 8740.07
[58,11] 8382.0
[58,12] 9500.0
[58,13] 10418.89
[58,14] 10928.96
[58,15] 9428.41
[58,16] 8739.34
[58,17] 7380.0
[58,18] 6751.98
[58,19] 7254.93
[58,20] 7970.41
[58,21] 9506.44
[58,22] 10677.01
[58,23] 12052.33
[58,24] 9587.79
[58,25] 9127.63
[58,26] 6255.95
[58,27] 5767.86
[58,28] 4680.02
[58,29] 5590.66
[58,30] 6438.52
[58,31] 6750.95
[58,32] 4816.24
[58,33] 4162.62
[58,34] 3632.0
[58,35] 4750.0
[58,36] 5691.37
[58,37] 6207.3
[58,38] 4814.91
[58,39] 4161.08
[58,40] 2697.77
[58,41] 2139.57
[58,42] 3409.19
[58,43] 4042.38
[58,44] 7025.73
[58,45] 8173.86
[58,46] 9284.25
[58,47] 7803.15
[58,48] 6894.0
[58,49] 4307.03
[58,50] 4396.78
[58,51] 3153.1
[58,52] 2950.0
[58,53] 3227.7
[58,54] 3128.72
[58,55] 1615.45
[58,56] 1841.43
[58,57] 1118.0
[58,58] 0.0
[58,59] 1164.12
[58,60] 1656.52
[58,61] 1611.48
[58,62] 1837.95
[58,63] 2283.96
[58,64] 2948.1
[58,65] 3966.87
[58,66] 3778.81
[58,67] 7312.62
[58,68] 8046.77
[58,69] 8500.63
[58,70] 10923.94
[58,71] 5808.23
[58,72] 6094.91
[58,73] 6192.48
[58,74] 13958.27
[58,75] 16442.55
[58,76] 16607.79
[59,0] 12747.55
[59,1] 12747.55
[59,2] 12500.0
[59,3] 9801.15
[59,4] 9208.28
[59,5] 8354.51
[59,6] 9367.8
[59,7] 10250.49
[59,8] 10611.43
[59,9] 8722.53
[59,10] 8050.62
[59,11] 7527.16
[59,12] 8640.44
[59,13] 9500.0
[59,14] 10001.12
[59,15] 8442.9
[59,16] 7746.77
[59,17] 6450.0
[59,18] 5801.94
[59,19] 6800.18
[59,20] 7511.66
[59,21] 9481.03
[59,22] 10670.17
[59,23] 11997.08
[59,24] 9737.17
[59,25] 9154.92
[59,26] 6230.97
[59,27] 5848.5
[59,28] 4602.87
[59,29] 5343.37
[59,30] 6114.33
[59,31] 6337.59
[59,32] 4341.08
[59,33] 3771.6
[59,34] 2840.0
[59,35] 3929.84
[59,36] 4750.0
[59,37] 5252.14
[59,38] 3747.67
[59,39] 3070.02
[59,40] 1700.0
[59,41] 1060.66
[59,42] 3702.03
[59,43] 4208.62
[59,44] 7573.14
[59,45] 8668.33
[59,46] 9661.39
[59,47] 8500.0
[59,48] 7516.65
[59,49] 5168.41
[59,50] 5361.2
[59,51] 4207.12
[59,52] 3804.29
[59,53] 3850.0
[59,54] 3585.04
[59,55] 2594.71
[59,56] 2960.15
[59,57] 2144.32
[59,58] 1164.12
[59,59] 0.0
[59,60] 522.02
[59,61] 1390.14
[59,62] 1990.6
[59,63] 3050.0
[59,64] 3703.04
[59,65] 5127.62
[59,66] 4911.72
[59,67] 8363.01
[59,68] 9030.64
[59,69] 9374.43
[59,70] 12037.03
[59,71] 6747.59
[59,72] 6789.7
[59,73] 6844.71
[59,74] 12975.75
[59,75] 16140.01
[59,76] 16322.07
[60,0] 12482.89
[60,1] 12482.89
[60,2] 12197.23
[60,3] 9457.8
[60,4] 8881.44
[60,5] 7980.44
[60,6] 8973.88
[60,7] 9848.86
[60,8] 10195.1
[60,9] 8286.13
[60,10] 7621.68
[60,11] 7047.32
[60,12] 8157.58
[60,13] 9001.25
[60,14] 9500.0
[60,15] 7930.95
[60,16] 7233.95
[60,17] 5951.89
[60,18] 5300.0
[60,19] 6463.75
[60,20] 7169.55
[60,21] 9306.58
[60,22] 10498.81
[60,23] 11800.95
[60,24] 9637.69
[60,25] 9004.72
[60,26] 6079.68
[60,27] 5748.26
[60,28] 4452.64
[60,29] 5106.52
[60,30] 5836.31
[60,31] 6021.0
[60,32] 4021.5
[60,33] 3500.36
[60,34] 2412.93
[60,35] 3476.0
[60,36] 4252.65
[60,37] 4750.0
[60,38] 3226.84
[60,39] 2548.04
[60,40] 1209.34
[60,41] 550.0
[60,42] 3740.66
[60,43] 4176.12
[60,44] 7669.75
[60,45] 8732.84
[60,46] 9665.66
[60,47] 8664.44
[60,48] 7650.0
[60,49] 5440.59
[60,50] 5685.95
[60,51] 4592.33
[60,52] 4092.38
[60,53] 4031.13
[60,54] 3700.0
[60,55] 2968.16
[60,56] 3397.06
[60,57] 2665.47
[60,58] 1656.52
[60,59] 522.02
[60,60] 0.0
[60,61] 1746.42
[60,62] 2404.16
[60,63] 3553.17
[60,64] 4200.0
[60,65] 5597.32
[60,66] 5348.13
[60,67] 8727.11
[60,68] 9350.13
[60,69] 9628.73
[60,70] 12444.38
[60,71] 7262.4
[60,72] 7262.4
[60,73] 7307.7
[60,74] 12462.84
[60,75] 15836.11
[60,76] 16024.43
[61,0] 14134.44
[61,1] 14134.44
[61,2] 13890.01
[61,3] 11183.02
[61,4] 10594.81
[61,5] 9720.99
[61,6] 10719.62
[61,7] 11595.26
[61,8] 11940.27
[61,9] 10024.47
[61,10] 9363.76
[61,11] 8737.19
[61,12] 9838.64
[61,13] 10634.03
[61,14] 11122.05
[61,15] 9500.0
[61,16] 8800.0
[61,17] 7597.7
[61,18] 6935.42
[61,19] 8183.52
[61,20] 8893.4
[61,21] 10832.01
[61,22] 12017.7
[61,23] 13358.24
[61,24] 11029.28
[61,25] 10490.23
[61,26] 7574.46
[61,27] 7156.29
[61,28] 5952.83
[61,29] 6727.27
[61,30] 7504.17
[61,31] 7725.44
[61,32] 5727.35
[61,33] 5161.64
[61,34] 4158.85
[61,35] 5209.16
[61,36] 5911.43
[61,37] 6388.47
[61,38] 4750.0
[61,39] 4050.0
[61,40] 2926.17
[61,41] 2261.08
[61,42] 4897.19
[61,43] 5470.83
[61,44] 8622.35
[61,45] 9760.25
[61,46] 10835.36
[61,47] 9414.48
[61,48] 8501.91
[61,49] 5900.0
[61,50] 5941.38
[61,51] 4636.77
[61,52] 4552.71
[61,53] 4827.01
[61,54] 4681.88
[61,55] 3200.0
[61,56] 3275.67
[61,57] 1838.07
[61,58] 1611.48
[61,59] 1390.14
[61,60] 1746.42
[61,61] 0.0
[61,62] 700.0
[61,63] 2127.2
[61,64] 2692.58
[61,65] 5110.77
[61,66] 5088.47
[61,67] 8745.43
[61,68] 9551.18
[61,69] 10074.35
[61,70] 12209.93
[61,71] 5838.02
[61,72] 5605.58
[61,73] 5626.94
[61,74] 14010.8
[61,75] 17530.05
[61,76] 17712.21
[62,0] 14666.71
[62,1] 14666.71
[62,2] 14455.54
[62,3] 11783.46
[62,4] 11183.02
[62,5] 10344.88
[62,6] 11357.37
[62,7] 12238.46
[62,8] 12593.65
[62,9] 10690.18
[62,10] 10024.47
[62,11] 9426.27
[62,12] 10529.96
[62,13] 11331.92
[62,14] 11820.74
[62,15] 10200.0
[62,16] 9500.0
[62,17] 8293.67
[62,18] 7632.17
[62,19] 8781.8
[62,20] 9494.87
[62,21] 11290.81
[62,22] 12469.36
[62,23] 13829.41
[62,24] 11416.0
[62,25] 10928.17
[62,26] 8031.97
[62,27] 7574.46
[62,28] 6426.89
[62,29] 7258.51
[62,30] 8061.79
[62,31] 8310.39
[62,32] 6320.01
[62,33] 5727.35
[62,34] 4812.69
[62,35] 5879.33
[62,36] 6604.92
[62,37] 7084.67
[62,38] 5450.0
[62,39] 4750.0
[62,40] 3601.74
[62,41] 2934.71
[62,42] 5242.38
[62,43] 5860.03
[62,44] 8822.98
[62,45] 9983.61
[62,46] 11115.98
[62,47] 9521.69
[62,48] 8660.98
[62,49] 5941.38
[62,50] 5900.0
[62,51] 4551.75
[62,52] 4637.56
[62,53] 5032.89
[62,54] 4964.88
[62,55] 3275.67
[62,56] 3200.0
[62,57] 1610.75
[62,58] 1837.95
[62,59] 1990.6
[62,60] 2404.16
[62,61] 700.0
[62,62] 0.0
[62,63] 1511.62
[62,64] 2024.85
[62,65] 4792.7
[62,66] 4863.38
[62,67] 8563.44
[62,68] 9433.19
[62,69] 10050.0
[62,70] 11905.15
[62,71] 5170.35
[62,72] 4906.37
[62,73] 4930.77
[62,74] 14710.29
[62,75] 18093.99
[62,76] 18270.54
[63,0] 15157.59
[63,1] 15157.59
[63,2] 15051.66
[63,3] 12514.19
[63,4] 11877.08
[63,5] 11171.46
[63,6] 12229.51
[63,7] 13127.26
[63,8] 13524.24
[63,9] 11688.67
[63,10] 11003.86
[63,11] 10566.44
[63,12] 11681.97
[63,13] 12550.0
[63,14] 13050.86
[63,15] 11481.51
[63,16] 10783.55
[63,17] 9500.0
[63,18] 8851.27
[63,19] 9535.46
[63,20] 10250.49
[63,21] 11600.54
[63,22] 12747.55
[63,23] 14149.29
[63,24] 11536.46
[63,25] 11186.6
[63,26] 8390.02
[63,27] 7842.35
[63,28] 6871.32
[63,29] 7834.66
[63,30] 8698.42
[63,31] 9027.32
[63,32] 7100.18
[63,33] 6443.8
[63,34] 5837.99
[63,35] 6948.38
[63,36] 7800.0
[63,37] 8301.36
[63,38] 6753.7
[63,39] 6059.91
[63,40] 4750.0
[63,41] 4102.74
[63,42] 5423.33
[63,43] 6114.33
[63,44] 8547.51
[63,45] 9737.17
[63,46] 10983.62
[63,47] 9030.64
[63,48] 8297.74
[63,49] 5413.41
[63,50] 5202.4
[63,51] 3841.04
[63,52] 4281.1
[63,53] 4911.72
[63,54] 5020.46
[63,55] 3053.69
[63,56] 2661.77
[63,57] 1280.47
[63,58] 2283.96
[63,59] 3050.0
[63,60] 3553.17
[63,61] 2127.2
[63,62] 1511.62
[63,63] 0.0
[63,64] 667.08
[63,65] 3609.02
[63,66] 3850.0
[63,67] 7528.11
[63,68] 8500.0
[63,69] 9284.53
[63,70] 10645.3
[63,71] 3736.64
[63,72] 3812.15
[63,73] 3909.28
[63,74] 16011.32
[63,75] 18667.95
[63,76] 18825.58
[64,0] 15781.71
[64,1] 15781.71
[64,2] 15691.16
[64,3] 13170.04
[64,4] 12529.96
[64,5] 11834.71
[64,6] 12894.55
[64,7] 13792.75
[64,8] 14190.84
[64,9] 12355.57
[64,10] 11670.9
[64,11] 11225.89
[64,12] 12340.72
[64,13] 13200.85
[64,14] 13700.0
[64,15] 12120.23
[64,16] 11421.47
[64,17] 10151.11
[64,18] 9500.0
[64,19] 10195.1
[64,20] 10909.74
[64,21] 12197.23
[64,22] 13335.85
[64,23] 14743.9
[64,24] 12092.35
[64,25] 11773.91
[64,26] 9003.47
[64,27] 8441.71
[64,28] 7503.25
[64,29] 8480.29
[64,30] 9348.93
[64,31] 9684.65
[64,32] 7763.54
[64,33] 7104.4
[64,34] 6502.17
[64,35] 7611.16
[64,36] 8451.33
[64,37] 8950.0
[64,38] 7383.26
[64,39] 6686.74
[64,40] 5402.08
[64,41] 4750.0
[64,42] 6021.0
[64,43] 6720.12
[64,44] 9004.72
[64,45] 10197.18
[64,46] 11473.67
[64,47] 9408.11
[64,48] 8727.11
[64,49] 5813.78
[64,50] 5536.24
[64,51] 4202.65
[64,52] 4763.02
[64,53] 5448.85
[64,54] 5597.32
[64,55] 3606.94
[64,56] 3140.06
[64,57] 1913.3
[64,58] 2948.1
[64,59] 3703.04
[64,60] 4200.0
[64,61] 2692.58
[64,62] 2024.85
[64,63] 667.08
[64,64] 0.0
[64,65] 3700.0
[64,66] 4052.47
[64,67] 7650.0
[64,68] 8674.39
[64,69] 9541.1
[64,70] 10584.07
[64,71] 3146.82
[64,72] 3146.82
[64,73] 3250.0
[64,74] 16647.0
[64,75] 19302.4
[64,76] 19457.2
[65,0] 14097.61
[65,1] 14097.61
[65,2] 14258.07
[65,3] 12192.62
[65,4] 11498.26
[65,5] 11192.97
[65,6] 12307.89
[65,7] 13203.41
[65,8] 13700.0
[65,9] 12159.36
[65,10] 11462.98
[65,11] 11535.72
[65,12] 12622.92
[65,13] 13669.03
[65,14] 14190.84
[65,15] 12875.17
[65,16] 12219.66
[65,17] 10752.91
[65,18] 10195.1
[65,19] 9500.0
[65,20] 10154.43
[65,21] 10288.46
[65,22] 11292.7
[65,23] 12723.31
[65,24] 9793.11
[65,25] 9782.89
[65,26] 7501.5
[65,27] 6817.07
[65,28] 6443.68
[65,29] 7558.45
[65,30] 8455.32
[65,31] 8950.0
[65,32] 7447.31
[65,33] 6757.4
[65,34] 7023.56
[65,35] 8060.68
[65,36] 9165.42
[65,37] 9684.65
[65,38] 8566.36
[65,39] 7973.86
[65,40] 6462.39
[65,41] 6021.0
[65,42] 4750.0
[65,43] 5408.33
[65,44] 6177.78
[65,45] 7325.47
[65,46] 8726.11
[65,47] 6180.01
[65,48] 5765.63
[65,49] 3001.67
[65,50] 2420.74
[65,51] 1698.37
[65,52] 2810.9
[65,53] 3712.14
[65,54] 4200.0
[65,55] 2863.56
[65,56] 2247.22
[65,57] 3273.06
[65,58] 3966.87
[65,59] 5127.62
[65,60] 5597.32
[65,61] 5110.77
[65,62] 4792.7
[65,63] 3609.02
[65,64] 3700.0
[65,65] 0.0
[65,66] 715.89
[65,67] 3950.0
[65,68] 4992.49
[65,69] 5960.91
[65,70] 7113.54
[65,71] 4069.71
[65,72] 5533.76
[65,73] 5788.13
[65,74] 17322.31
[65,75] 17702.61
[65,76] 17809.06
[66,0] 13383.76
[66,1] 13383.76
[66,2] 13550.83
[66,3] 11512.71
[66,4] 10816.77
[66,5] 10543.11
[66,6] 11657.99
[66,7] 12550.0
[66,8] 13053.45
[66,9] 11547.84
[66,10] 10854.15
[66,11] 10987.27
[66,12] 12063.64
[66,13] 13127.26
[66,14] 13649.27
[66,15] 12377.1
[66,16] 11732.54
[66,17] 10250.49
[66,18] 9711.98
[66,19] 8855.08
[66,20] 9500.0
[66,21] 9573.14
[66,22] 10576.98
[66,23] 12007.71
[66,24] 9080.89
[66,25] 9067.11
[66,26] 6806.61
[66,27] 6118.82
[66,28] 5794.02
[66,29] 6908.67
[66,30] 7800.0
[66,31] 8305.42
[66,32] 6865.86
[66,33] 6184.66
[66,34] 6569.07
[66,35] 7572.51
[66,36] 8698.42
[66,37] 9213.58
[66,38] 8184.13
[66,39] 7621.68
[66,40] 6114.33
[66,41] 5728.0
[66,42] 4110.96
[66,43] 4750.0
[66,44] 5489.31
[66,45] 6647.18
[66,46] 8038.81
[66,47] 5561.03
[66,48] 5091.66
[66,49] 2289.65
[66,50] 1732.77
[66,51] 1053.17
[66,52] 2162.35
[66,53] 3050.0
[66,54] 3562.65
[66,55] 2460.18
[66,56] 1952.56
[66,57] 3272.65
[66,58] 3778.81
[66,59] 4911.72
[66,60] 5348.13
[66,61] 5088.47
[66,62] 4863.38
[66,63] 3850.0
[66,64] 4052.47
[66,65] 715.89
[66,66] 0.0
[66,67] 3707.42
[66,68] 4650.0
[66,69] 5494.09
[66,70] 7151.57
[66,71] 4756.57
[66,72] 6150.2
[66,73] 6394.14
[66,74] 16791.81
[66,75] 16988.97
[66,76] 17094.59
[67,0] 13237.82
[67,1] 13237.82
[67,2] 13700.0
[67,3] 12345.55
[67,4] 11660.3
[67,5] 11820.48
[67,6] 12880.89
[67,7] 13695.35
[67,8] 14258.07
[67,9] 13150.38
[67,10] 12509.3
[67,11] 13069.78
[67,12] 14038.39
[67,13] 15181.9
[67,14] 15691.16
[67,15] 14701.45
[67,16] 14130.91
[67,17] 12620.32
[67,18] 12197.23
[67,19] 10288.46
[67,20] 10786.33
[67,21] 9500.0
[67,22] 10199.14
[67,23] 11526.06
[67,24] 8508.97
[67,25] 8950.0
[67,26] 7747.58
[67,27] 7086.96
[67,28] 7480.79
[67,29] 8459.52
[67,30] 9204.62
[67,31] 9782.89
[67,32] 8974.69
[67,33] 8411.0
[67,34] 9331.48
[67,35] 10134.74
[67,36] 11298.34
[67,37] 11773.91
[67,38] 11124.07
[67,39] 10674.5
[67,40] 9241.75
[67,41] 9004.72
[67,42] 6177.78
[67,43] 6517.86
[67,44] 4750.0
[67,45] 5491.81
[67,46] 6863.85
[67,47] 3832.75
[67,48] 4200.0
[67,49] 3572.46
[67,50] 3100.4
[67,51] 4162.41
[67,52] 4725.93
[67,53] 5197.36
[67,54] 5765.63
[67,55] 5769.1
[67,56] 5489.31
[67,57] 6961.26
[67,58] 7312.62
[67,59] 8363.01
[67,60] 8727.11
[67,61] 8745.43
[67,62] 8563.44
[67,63] 7528.11
[67,64] 7650.0
[67,65] 3950.0
[67,66] 3707.42
[67,67] 0.0
[67,68] 1192.69
[67,69] 2549.51
[67,70] 3905.12
[67,71] 7340.98
[67,72] 9108.24
[67,73] 9392.02
[67,74] 18835.34
[67,75] 16745.15
[67,76] 16787.2
[68,0] 12550.0
[68,1] 12550.0
[68,2] 13088.26
[68,3] 11958.47
[68,4] 11290.04
[68,5] 11584.58
[68,6] 12607.33
[68,7] 13383.76
[68,8] 13957.26
[68,9] 12997.12
[68,10] 12384.87
[68,11] 13084.37
[68,12] 14000.09
[68,13] 15157.59
[68,14] 15656.47
[68,15] 14782.59
[68,16] 14247.28
[68,17] 12747.55
[68,18] 12375.18
[68,19] 10140.27
[68,20] 10576.98
[68,21] 8906.32
[68,22] 9500.0
[68,23] 10772.77
[68,24] 7800.0
[68,25] 8360.02
[68,26] 7536.08
[68,27] 6921.16
[68,28] 7524.37
[68,29] 8412.24
[68,30] 9080.89
[68,31] 9663.98
[68,32] 9094.64
[68,33] 8592.0
[68,34] 9676.42
[68,35] 10383.35
[68,36] 11536.46
[68,37] 11988.01
[68,38] 11502.72
[68,39] 11109.57
[68,40] 9737.17
[68,41] 9572.49
[68,42] 6427.48
[68,43] 6647.18
[68,44] 4220.19
[68,45] 4750.0
[68,46] 6040.7
[68,47] 3050.0
[68,48] 3688.16
[68,49] 3962.95
[68,50] 3669.47
[68,51] 4914.73
[68,52] 5264.2
[68,53] 5561.03
[68,54] 6091.39
[68,55] 6451.74
[68,56] 6275.75
[68,57] 7822.44
[68,58] 8046.77
[68,59] 9030.64
[68,60] 9350.13
[68,61] 9551.18
[68,62] 9433.19
[68,63] 8500.0
[68,64] 8674.39
[68,65] 4992.49
[68,66] 4650.0
[68,67] 1192.69
[68,68] 0.0
[68,69] 1432.65
[68,70] 3946.2
[68,71] 8521.3
[68,72] 10270.47
[68,73] 10551.42
[68,74] 18772.65
[68,75] 15995.08
[68,76] 16020.38
[69,0] 11321.66
[69,1] 11321.66
[69,2] 11921.83
[69,3] 11011.93
[69,4] 10366.89
[69,5] 10799.27
[69,6] 11771.9
[69,7] 12502.5
[69,8] 13082.91
[69,9] 12286.68
[69,10] 11712.07
[69,11] 12560.15
[69,12] 13407.56
[69,13] 14571.55
[69,14] 15055.31
[69,15] 14319.31
[69,16] 13829.41
[69,17] 12357.29
[69,18] 12049.17
[69,19] 9470.08
[69,20] 9832.85
[69,21] 7787.81
[69,22] 8279.64
[69,23] 9500.0
[69,24] 6587.3
[69,25] 7252.07
[69,26] 6850.18
[69,27] 6307.54
[69,28] 7135.32
[69,29] 7891.37
[69,30] 8457.25
[69,31] 9034.66
[69,32] 8753.57
[69,33] 8335.77
[69,34] 9595.04
[69,35] 10171.0
[69,36] 11293.47
[69,37] 11710.04
[69,38] 11432.63
[69,39] 11115.98
[69,40] 9843.27
[69,41] 9774.71
[69,42] 6328.11
[69,43] 6393.16
[69,44] 3318.51
[69,45] 3569.31
[69,46] 4750.0
[69,47] 1931.32
[69,48] 2860.07
[69,49] 4208.62
[69,50] 4150.0
[69,51] 5506.93
[69,52] 5576.26
[69,53] 5644.69
[69,54] 6100.2
[69,55] 6885.67
[69,56] 6850.0
[69,57] 8455.61
[69,58] 8500.63
[69,59] 9374.43
[69,60] 9628.73
[69,61] 10074.35
[69,62] 10050.0
[69,63] 9284.53
[69,64] 9541.1
[69,65] 5960.91
[69,66] 5494.09
[69,67] 2549.51
[69,68] 1432.65
[69,69] 0.0
[69,70] 4964.88
[69,71] 9724.71
[69,72] 11406.14
[69,73] 11677.76
[69,74] 18123.19
[69,75] 14708.5
[69,76] 14721.75
[70,0] 16269.3
[70,1] 16269.3
[70,2] 16886.09
[70,3] 15890.64
[70,4] 15227.03
[70,5] 15528.7
[70,6] 16553.53
[70,7] 17328.08
[70,8] 17902.3
[70,9] 16927.27
[70,10] 16305.9
[70,11] 16940.31
[70,12] 17886.71
[70,13] 19037.86
[70,14] 19542.58
[70,15] 18593.88
[70,16] 18030.04
[70,17] 16520.37
[70,18] 16101.94
[70,19] 14066.01
[70,20] 14517.06
[70,21] 12747.55
[70,22] 13235.27
[70,23] 14422.21
[70,24] 11547.84
[70,25] 12208.71
[70,26] 11472.79
[70,27] 10845.51
[70,28] 11352.5
[70,29] 12294.94
[70,30] 12997.12
[70,31] 13579.58
[70,32] 12870.31
[70,33] 12314.42
[70,34] 13218.61
[70,35] 14038.19
[70,36] 15202.06
[70,37] 15678.81
[70,38] 14994.83
[70,39] 14520.5
[70,40] 13059.86
[70,41] 12770.47
[70,42] 10082.91
[70,43] 10410.69
[70,44] 8143.25
[70,45] 8532.88
[70,46] 9683.1
[70,47] 6865.86
[70,48] 7621.68
[70,49] 7474.12
[70,50] 6965.09
[70,51] 7857.65
[70,52] 8569.51
[70,53] 9094.64
[70,54] 9666.57
[70,55] 9480.64
[70,56] 9084.74
[70,57] 10373.72
[70,58] 10923.94
[70,59] 12037.03
[70,60] 12444.38
[70,61] 12209.93
[70,62] 11905.15
[70,63] 10645.3
[70,64] 10584.07
[70,65] 7113.54
[70,66] 7151.57
[70,67] 3905.12
[70,68] 3946.2
[70,69] 4964.88
[70,70] 0.0
[70,71] 9200.0
[70,72] 11100.0
[70,73] 11400.0
[70,74] 22674.21
[70,75] 19602.3
[70,76] 19600.0
[71,0] 17936.83
[71,1] 17936.83
[71,2] 17993.89
[71,3] 15686.7
[71,4] 15014.08
[71,5] 14484.66
[71,6] 15578.92
[71,7] 16484.61
[71,8] 16924.91
[71,9] 15179.34
[71,10] 14483.18
[71,11] 14190.1
[71,12] 15308.09
[71,13] 16219.74
[71,14] 16727.0
[71,15] 15189.88
[71,16] 14494.22
[71,17] 13174.31
[71,18] 12536.05
[71,19] 12798.93
[71,20] 13499.07
[71,21] 14182.38
[71,22] 15238.52
[71,23] 16670.93
[71,24] 13798.28
[71,25] 13700.09
[71,26] 11188.61
[71,27] 10544.43
[71,28] 9876.44
[71,29] 10947.54
[71,30] 11849.26
[71,31] 12262.34
[71,32] 10465.42
[71,33] 9773.69
[71,34] 9440.15
[71,35] 10558.13
[71,36] 11477.91
[71,37] 11987.7
[71,38] 10480.7
[71,39] 9790.05
[71,40] 8438.01
[71,41] 7808.01
[71,42] 8223.44
[71,43] 8936.58
[71,44] 10244.63
[71,45] 11395.17
[71,46] 12793.85
[71,47] 10206.86
[71,48] 9835.14
[71,49] 7030.11
[71,50] 6486.33
[71,51] 5514.3
[71,52] 6489.97
[71,53] 7361.56
[71,54] 7707.3
[71,55] 5810.55
[71,56] 5139.31
[71,57] 4690.3
[71,58] 5808.23
[71,59] 6747.59
[71,60] 7262.4
[71,61] 5838.02
[71,62] 5170.35
[71,63] 3736.64
[71,64] 3146.82
[71,65] 4069.71
[71,66] 4756.57
[71,67] 7340.98
[71,68] 8521.3
[71,69] 9724.71
[71,70] 9200.0
[71,71] 0.0
[71,72] 1900.0
[71,73] 2200.0
[71,74] 19723.08
[71,75] 21526.03
[71,76] 21651.79
[72,0] 18830.83
[72,1] 18830.83
[72,2] 18784.3
[72,3] 16304.37
[72,4] 15658.3
[72,5] 14980.79
[72,6] 16041.35
[72,7] 16939.38
[72,8] 17335.3
[72,9] 15489.11
[72,10] 14807.51
[72,11] 14309.7
[72,12] 15419.14
[72,13] 16237.3
[72,14] 16727.0
[72,15] 15102.07
[72,16] 14402.17
[72,17] 13195.93
[72,18] 12536.05
[72,19] 13336.88
[72,20] 14050.8
[72,21] 15172.67
[72,22] 16281.35
[72,23] 17704.52
[72,24] 14941.97
[72,25] 14722.86
[72,26] 12039.31
[72,27] 11443.12
[72,28] 10590.68
[72,29] 11596.17
[72,30] 12474.17
[72,31] 12822.83
[72,32] 10909.86
[72,33] 10248.17
[72,34] 9618.99
[72,35] 10718.51
[72,36] 11502.72
[72,37] 11987.7
[72,38] 10353.02
[72,39] 9653.24
[72,40] 8471.72
[72,41] 7808.01
[72,42] 9037.98
[72,43] 9750.0
[72,44] 11576.81
[72,45] 12756.17
[72,46] 14114.27
[72,47] 11706.84
[72,48] 11216.06
[72,49] 8317.6
[72,50] 7863.36
[72,51] 6710.15
[72,52] 7532.73
[72,53] 8330.22
[72,54] 8571.03
[72,55] 6577.42
[72,56] 5992.7
[72,57] 5040.59
[72,58] 6094.91
[72,59] 6789.7
[72,60] 7262.4
[72,61] 5605.58
[72,62] 4906.37
[72,63] 3812.15
[72,64] 3146.82
[72,65] 5533.76
[72,66] 6150.2
[72,67] 9108.24
[72,68] 10270.47
[72,69] 11406.14
[72,70] 11100.0
[72,71] 1900.0
[72,72] 0.0
[72,73] 300.0
[72,74] 19602.3
[72,75] 22378.56
[72,76] 22524.88
[73,0] 18985.52
[73,1] 18985.52
[73,2] 18923.53
[73,3] 16419.88
[73,4] 15778.55
[73,5] 15079.53
[73,6] 16133.62
[73,7] 17029.46
[73,8] 17418.17
[73,9] 15558.68
[73,10] 14880.27
[73,11] 14351.51
[73,12] 15457.97
[73,13] 16260.38
[73,14] 16746.72
[73,15] 15110.01
[73,16] 14410.5
[73,17] 13224.31
[73,18] 12562.34
[73,19] 13444.42
[73,20] 14159.27
[73,21] 15344.71
[73,22] 16460.03
[73,23] 17880.72
[73,24] 15136.46
[73,25] 14900.08
[73,26] 12195.29
[73,27] 11607.11
[73,28] 10729.9
[73,29] 11723.47
[73,30] 12596.23
[73,31] 12934.64
[73,32] 11008.41
[73,33] 10353.02
[73,34] 9681.07
[73,35] 10774.29
[73,36] 11535.27
[73,37] 12015.2
[73,38] 10364.6
[73,39] 9665.66
[73,40] 8515.87
[73,41] 7850.16
[73,42] 9195.92
[73,43] 9905.68
[73,44] 11801.38
[73,45] 12983.45
[73,46] 14334.66
[73,47] 11954.08
[73,48] 11447.71
[73,49] 8541.81
[73,50] 8100.15
[73,51] 6927.79
[73,52] 7727.28
[73,53] 8511.9
[73,54] 8737.42
[73,55] 6739.62
[73,56] 6170.29
[73,57] 5158.07
[73,58] 6192.48
[73,59] 6844.71
[73,60] 7307.7
[73,61] 5626.94
[73,62] 4930.77
[73,63] 3909.28
[73,64] 3250.0
[73,65] 5788.13
[73,66] 6394.14
[73,67] 9392.02
[73,68] 10551.42
[73,69] 11677.76
[73,70] 11400.0
[73,71] 2200.0
[73,72] 300.0
[73,73] 0.0
[73,74] 19600.0
[73,75] 22524.88
[73,76] 22674.21
[74,0] 10467.57
[74,1] 10467.57
[74,2] 9360.56
[74,3] 7864.64
[74,4] 8285.08
[74,5] 7431.41
[74,6] 6664.79
[74,7] 6254.8
[74,8] 5736.94
[74,9] 5857.69
[74,10] 6411.12
[74,11] 5820.46
[74,12] 4799.5
[74,13] 3676.96
[74,14] 3157.93
[74,15] 4533.49
[74,16] 5229.01
[74,17] 6600.19
[74,18] 7209.2
[74,19] 8655.2
[74,20] 8316.55
[74,21] 11385.08
[74,22] 11815.77
[74,23] 11806.78
[74,24] 12823.12
[74,25] 11735.95
[74,26] 11276.75
[74,27] 11857.7
[74,28] 11365.05
[74,29] 10381.01
[74,30] 9694.59
[74,31] 9111.81
[74,32] 9981.23
[74,33] 10633.2
[74,34] 10384.37
[74,35] 9293.64
[74,36] 8269.37
[74,37] 7751.45
[74,38] 9266.34
[74,39] 9965.19
[74,40] 11287.16
[74,41] 11915.75
[74,42] 12842.31
[74,43] 12369.42
[74,44] 14820.0
[74,45] 14948.24
[74,46] 14538.31
[74,47] 16261.0
[74,48] 15263.35
[74,49] 15414.36
[74,50] 16052.8
[74,51] 15755.25
[74,52] 14704.98
[74,53] 13927.4
[74,54] 13351.5
[74,55] 14493.53
[74,56] 15170.78
[74,57] 15063.79
[74,58] 13958.27
[74,59] 12975.75
[74,60] 12462.84
[74,61] 14010.8
[74,62] 14710.29
[74,63] 16011.32
[74,64] 16647.0
[74,65] 17322.31
[74,66] 16791.81
[74,67] 18835.34
[74,68] 18772.65
[74,69] 18123.19
[74,70] 22674.21
[74,71] 19723.08
[74,72] 19602.3
[74,73] 19600.0
[74,74] 0.0
[74,75] 11100.0
[74,76] 11400.0
[75,0] 3605.55
[75,1] 3605.55
[75,2] 3640.05
[75,3] 6470.9
[75,4] 6975.85
[75,5] 8079.76
[75,6] 7379.29
[75,7] 6766.28
[75,8] 6799.45
[75,9] 8618.15
[75,10] 9003.47
[75,11] 10460.61
[75,12] 9927.72
[75,13] 10278.62
[75,14] 10268.03
[75,15] 11469.63
[75,16] 11761.91
[75,17] 11648.71
[75,18] 12142.18
[75,19] 9393.22
[75,20] 8707.76
[75,21] 7433.03
[75,22] 6560.68
[75,23] 5223.98
[75,24] 8237.87
[75,25] 7960.06
[75,26] 10353.02
[75,27] 10982.94
[75,28] 11799.19
[75,29] 10853.56
[75,30] 10032.2
[75,31] 9815.55
[75,32] 11814.61
[75,33] 12370.33
[75,34] 13541.85
[75,35] 12723.84
[75,36] 12669.35
[75,37] 12471.77
[75,38] 14030.86
[75,39] 14501.9
[75,40] 14816.54
[75,41] 15409.25
[75,42] 13350.84
[75,43] 12635.76
[75,44] 12052.49
[75,45] 11264.1
[75,46] 9962.55
[75,47] 12955.69
[75,48] 12593.65
[75,49] 14752.03
[75,50] 15417.93
[75,51] 16071.23
[75,52] 15042.3
[75,53] 14164.48
[75,54] 13841.33
[75,55] 15812.1
[75,56] 16435.1
[75,57] 17391.5
[75,58] 16442.55
[75,59] 16140.01
[75,60] 15836.11
[75,61] 17530.05
[75,62] 18093.99
[75,63] 18667.95
[75,64] 19302.4
[75,65] 17702.61
[75,66] 16988.97
[75,67] 16745.15
[75,68] 15995.08
[75,69] 14708.5
[75,70] 19602.3
[75,71] 21526.03
[75,72] 22378.56
[75,73] 22524.88
[75,74] 11100.0
[75,75] 0.0
[75,76] 300.0
[76,0] 3716.18
[76,1] 3716.18
[76,2] 3828.84
[76,3] 6689.73
[76,4] 7179.31
[76,5] 8305.08
[76,6] 7625.29
[76,7] 7027.27
[76,8] 7071.95
[76,9] 8875.39
[76,10] 9250.0
[76,11] 10718.49
[76,12] 10199.06
[76,13] 10562.2
[76,14] 10556.16
[76,15] 11746.17
[76,16] 12031.73
[76,17] 11899.68
[76,18] 12386.79
[76,19] 9592.31
[76,20] 8912.07
[76,21] 7527.28
[76,22] 6622.12
[76,23] 5261.18
[76,24] 8286.89
[76,25] 8048.14
[76,26] 10491.19
[76,27] 11113.28
[76,28] 11954.61
[76,29] 11022.3
[76,30] 10210.04
[76,31] 10006.25
[76,32] 12003.54
[76,33] 12550.9
[76,34] 13742.04
[76,35] 12936.66
[76,36] 12900.48
[76,37] 12710.04
[76,38] 14257.8
[76,39] 14721.58
[76,40] 15014.66
[76,41] 15602.72
[76,42] 13491.66
[76,43] 12777.42
[76,44] 12110.84
[76,45] 11300.0
[76,46] 9982.11
[76,47] 12986.92
[76,48] 12649.51
[76,49] 14849.33
[76,50] 15511.04
[76,51] 16185.68
[76,52] 15164.5
[76,53] 14290.99
[76,54] 13977.21
[76,55] 15953.76
[76,56] 16571.44
[76,57] 17547.82
[76,58] 16607.79
[76,59] 16322.07
[76,60] 16024.43
[76,61] 17712.21
[76,62] 18270.54
[76,63] 18825.58
[76,64] 19457.2
[76,65] 17809.06
[76,66] 17094.59
[76,67] 16787.2
[76,68] 16020.38
[76,69] 14721.75
[76,70] 19600.0
[76,71] 21651.79
[76,72] 22524.88
[76,73] 22674.21
[76,74] 11400.0
[76,75] 300.0
[76,76] 0.0
;
